0 61
62 180
181 218
219 268
269 292
293 340
341 402
403 474
475 534
535 618
619 676
677 750
751 852
853 876
877 938
939 976
977 1130
1131 1180
1181 1214
1215 1456
1458 1572
1573 1636
1637 1729
1730 1892
1893 2115
2116 2205
2206 2291
2292 2355
2356 2477
2478 2585
2586 2650
2651 2737
2738 2793
2794 2837
2838 2879
2880 3001
3002 3073
3074 3153
3154 3185
3186 3209
3210 3257
3258 3441
3442 3473
3474 3501
3502 3564
3565 3611
3612 3658
3659 3757
3758 3797
3798 3885
3886 3985
3987 4069
4070 4181
4182 4291
4292 4320
4321 4380
4381 4420
4421 4452
4453 4546
4547 4640
4641 4708
4709 4764
4765 5002
5003 5080
5081 5158
5159 5200
5201 5296
5297 5362
5363 5456
5457 5481
5482 5531
5532 5597
5598 5652
5653 5777
5778 5863
5864 5907
5908 5971
5972 6043
6044 6139
6140 6193
6194 6361
6362 6405
6406 6513
6514 6545
6546 6577
6578 6657
6658 6734
6736 6819
6820 6934
6936 7005
7006 7069
7070 7165
7166 7247
7249 7459
7460 7527
7528 7577
7578 7695
7696 7760
7761 7811
7812 7885
7886 7937
7938 8099
8100 8147
8148 8214
8215 8312
8313 8374
8375 8415
8416 8487
8488 8563
8564 8616
8617 8650
8651 8893
8894 9016
9017 9121
9122 9192
9193 9458
9459 9531
9532 9692
9693 9800
9801 9853
9854 9932
9933 10076
10077 10188
10189 10252
10253 10380
10381 10503
10504 10539
10541 10644
10645 10700
10701 10756
10757 10788
10789 10852
10853 10914
10915 11002
11003 11014
11015 11068
11069 11172
11173 11292
11293 11416
11417 11479
11481 11522
11523 11584
11585 11714
11715 11960
11961 12561
12562 12603
12604 12658
12659 12723
12724 12730
12731 12844
12845 13087
13088 13567
13568 13703
13705 14196
14197 102834
102835 102881
102882 104308
104309 104338
104340 108971
108973 109270
109271 109321
109322 109410
109411 110013
110014 111323
111324 111862
111863 111949
111950 112055
112056 112107
112108 112191
112192 112257
112258 112592
112593 112636
112637 112896
112897 112939
112940 113155
113156 113214
113215 113304
113305 113356
113357 113531
113532 113625
113626 113682
113683 113764
113765 113874
113875 114490
114491 114583
114584 114675
114676 114742
114743 114810
114811 114845
114846 114928
114929 114965
114966 115272
115273 115342
115343 115473
115474 115524
115525 115612
115613 115676
115677 115832
115833 115883
115884 116249
116250 116284
116285 116379
116380 116499
116500 116740
116741 116842
116843 117020
117021 117961
117962 118024
118025 118066
118067 118465
118466 118536
118538 118593
118594 118777
118778 118827
118829 119651
119652 119693
119694 119756
119757 119869
119870 119904
119905 119944
119945 119997
119998 120031
120032 120171
120173 120276
120277 120912
120913 120980
120981 121065
121066 121130
121132 121456
121457 121496
121497 121532
121533 121899
121900 121941
121942 122003
122004 122079
122080 122121
122122 122613
122614 122651
122652 122710
122711 122803
122804 122863
122864 122984
122985 123013
123014 123364
123365 123409
123410 123434
123435 123615
123616 123661
123662 124423
124424 124469
124470 124620
124621 124679
124680 124745
124746 125794
125795 125831
125832 125908
125909 125941
125942 125987
125988 126052
126053 126351
126352 126380
126381 126404
126405 126687
126688 126726
126727 126763
126764 127130
127131 127165
127166 127199
127200 127839
127840 128176
128177 128374
128375 128439
128440 128483
128484 128515
128516 128573
128574 128748
128749 128808
128809 128848
128849 129710
129711 129740
129741 129790
129791 130450
130451 130527
130528 130591
130592 130930
130931 130965
130966 130999
131000 131414
131415 131452
131453 131551
131552 131658
131659 131795
131796 132036
132037 132104
132105 132196
132197 132674
132675 132716
132717 133319
133320 133367
133368 133745
133746 133843
133844 133892
133893 134113
134114 134155
134156 134826
134827 134865
134867 135138
135139 135177
135179 135349
135350 135379
135381 135472
135473 135506
135507 135546
135547 135827
135828 135865
135866 135890
135891 136191
136192 136226
136227 136284
136285 136791
136792 136840
136841 136859
136860 136937
136938 137089
137090 137370
137371 137403
137404 137449
137450 137680
137681 137704
137705 138152
138153 138195
138196 138531
138532 138568
138569 138627
138628 138664
138665 139376
139377 139426
139427 139463
139464 139731
139732 139768
139769 139798
139799 140299
140300 140336
140337 140369
140371 140778
140779 140822
140823 140891
140892 140943
140944 141031
141032 141058
141059 141183
141184 141270
141271 141315
141316 141433
141434 141520
141521 141586
141588 141639
141640 141805
141807 141852
141853 141893
141895 141964
141965 142076
142077 142464
142466 142573
142575 142675
142677 142742
142743 142950
142951 143039
143040 143144
143145 143242
143244 144572
144573 144633
144634 144728
144729 144855
144856 144981
144983 145078
145079 145202
145203 145305
145307 145381
145382 145468
145469 145558
145559 145650
145651 145856
145857 146239
146240 146451
146453 146636
146637 147071
147072 147108
147109 147143
147144 147181
147182 147284
147285 147424
147425 147722
147723 148356
148358 148688
148689 148835
148836 148918
148920 149437
149438 149491
149492 149675
149677 149740
149741 149813
149814 149895
149896 150053
150054 150667
150668 151000
151001 151055
151056 151213
151214 151568
151569 151662
151663 151799
151800 151943
151944 152028
152029 152217
152218 152375
152376 152624
152625 153329
153331 153383
153384 153635
153636 153839
153840 153914
153916 154568
154569 154737
154738 154801
154802 155213
155214 155370
155371 155643
155644 155930
155931 156079
156080 156594
156595 156843
156844 157007
157008 157282
157283 157593
157594 157670
157671 157876
157877 157982
157983 158380
158381 158594
158595 159016
159018 159070
159071 159435
159436 159513
159514 159916
159917 160193
160194 160418
160419 160599
160600 160988
160989 161157
161158 161375
161376 161715
161716 162335
162336 162389
162390 162505
162506 162791
162792 163547
163548 163772
163774 163923
163924 164482
164483 164696
164697 164965
164966 165123
165124 165206
165208 165624
165625 165677
165679 165752
165753 165851
165852 165930
165931 166193
166194 166412
166413 166522
166524 166710
166711 166884
166885 167112
167113 167213
167214 167481
167482 167646
167647 167927
167928 168354
168355 168592
168593 169139
169141 169193
169194 169237
169238 169414
169415 169479
169480 169673
169674 169762
169764 170201
170202 170450
170451 170674
170675 170742
170743 171027
171028 171409
171410 171610
171611 171826
171827 171927
171928 172198
172199 172318
172320 172620
172621 173269
173270 173416
173417 173508
173509 173601
173602 173717
173718 174210
174211 174950
174951 175065
175066 175292
175293 176153
176154 176343
176344 176950
176951 177003
177004 177153
177154 177417
177419 177630
177631 177934
177935 178157
178159 178315
178317 178577
178578 178667
178668 178780
178781 179014
179015 179136
179137 179336
179337 179831
179832 180503
180505 180657
180658 180728
180729 180785
180786 180873
180874 181429
181430 181554
181555 181943
181944 182071
182073 182134
182135 182367
182368 182533
182534 182649
182650 182823
182824 183035
183036 183121
183122 183375
183376 183513
183515 184002
184003 184104
184105 184159
184160 184540
184541 185350
185351 185534
185535 185602
185603 185653
185655 186096
186098 186862
186863 187034
187036 187221
187222 187285
187286 188162
188163 188290
188291 188353
188354 188469
188470 189618
