0 23
24 457
458 702
703 1196
1197 1315
1316 1478
1479 1768
1769 1862
1863 1917
1918 1980
1981 2033
2034 2116
2117 2203
2204 2302
2303 3236
3237 3307
3308 3369
3370 3435
3436 3702
3703 3758
3759 3818
3819 3872
3873 3914
3915 3957
3958 4017
4018 4091
4092 4164
4165 4240
4241 4280
4281 4321
4322 4350
4351 4394
4395 4449
4450 4508
4509 4587
4588 5349
5350 5419
5420 5461
5462 5521
5522 5565
5566 5660
5661 5771
5772 5877
5878 5974
5975 6035
6036 6099
6100 6154
6155 6226
6227 6329
6330 6993
6994 7341
7342 7721
7722 7799
7800 7868
7869 7987
7988 8037
8038 8081
8082 8141
8142 8224
8225 8283
8284 8382
8383 8580
8581 8658
8659 8728
8729 8821
8822 9045
9046 9147
9148 9214
9215 9288
9289 9350
9351 9478
9479 9789
9790 9859
9860 9932
9933 9980
9981 10029
10030 10403
10404 10631
10632 10818
10819 11224
11225 11463
11465 11639
11640 11848
11849 12171
12172 12399
12400 12430
12431 12514
12515 13099
13100 13174
13175 13219
13220 13342
13343 14816
14817 14860
14861 15263
15264 15305
15306 15436
15437 15470
15471 15534
15535 15564
15565 15628
15629 15707
15708 15826
15827 15917
15918 15962
15963 16054
16055 16107
16108 16208
16209 16393
16394 16599
16601 16709
16710 17158
17159 17416
17417 17529
17530 17617
17618 17664
17665 17709
17710 17765
17766 17843
17844 17937
17938 18009
18010 18177
18178 18348
18349 18466
18467 18576
18577 18686
18687 19419
19420 19529
19530 19623
19624 19768
19769 19853
19854 20185
20186 20231
20232 20595
20596 20655
20656 21391
21392 21467
21468 21561
21562 21823
21824 22613
22614 22748
22749 22851
22852 22970
22971 23470
23471 23513
23514 23776
23777 23891
23892 24250
24251 24366
24367 24421
24422 24476
24477 24655
24656 24825
24826 24893
24894 25183
25184 25308
25309 25882
25883 25970
25971 26082
26083 26145
26146 26841
26842 26962
26963 27091
27092 27256
27257 27321
27322 27570
27571 28331
28332 28756
28757 29263
29264 29342
29343 29661
29662 29722
29723 30193
30194 30231
30232 30546
30547 30590
30591 30729
30730 30790
30791 30881
30882 31206
31207 31738
31739 31784
31785 31830
31831 32200
32201 32301
32302 32674
32675 32732
32733 32777
32778 32834
32835 32886
32887 32997
32998 33197
33198 33326
33327 33736
33737 33747
33749 33932
33934 33978
33979 34034
34035 34087
34088 34165
34166 34202
34203 34382
34383 34659
34660 34791
34792 34849
34850 34931
34932 35194
35195 35360
35361 35506
35507 35559
35560 35626
35627 35672
35673 35723
35724 35804
35805 35915
35916 36202
36203 36434
36435 36577
36578 36645
36646 36700
36701 36824
36825 37350
37351 37480
37481 37516
37517 37547
37548 37572
37573 37597
37598 37630
37631 37681
37682 37744
37745 37956
37957 38096
38097 38173
38174 38318
38319 38449
38450 38795
38796 38887
38888 38965
38966 39017
39018 39082
39084 39193
39194 39364
39365 39425
39426 39478
39479 39618
39619 40651
40652 40691
40692 40803
40804 40941
40942 41105
41106 41159
41160 41190
41191 41259
41260 41400
41401 41444
41445 41497
41498 41530
41531 42170
42171 42254
42255 42296
42297 42427
42428 42503
42504 43408
43409 43452
43453 43764
43765 43801
43802 43993
43994 44037
44038 44071
44072 44245
44246 44277
44278 44357
44358 44581
44582 44786
44787 45595
45596 45726
45727 45841
45842 46002
46003 46102
46103 47056
47057 47191
47192 47244
47245 47451
47452 47541
47542 47962
47963 48028
48029 48122
48123 48580
48581 48662
48664 49057
49058 49352
49353 49415
49416 49850
49851 49913
49914 50005
50006 50361
50362 50947
50948 51053
51054 51104
51105 51208
51209 51430
51431 51511
51512 51821
51822 51883
51884 51885
51886 52046
52047 52128
52129 52455
52456 52761
52762 53356
53357 54358
54359 54470
54471 54582
54583 54694
54695 54761
54762 55200
55201 55536
55537 55661
55662 55772
55773 56322
56323 56770
56771 58344
58345 58456
58457 58690
58691 59078
59079 59134
59135 59190
59191 59246
59247 59924
59925 60712
60713 62348
62349 63022
63023 63078
63079 63362
63363 63418
63419 64094
64095 64206
64207 64990
64991 65216
65217 65440
65441 65552
65553 65946
65947 66170
66171 66284
66285 67051
67052 67162
67163 67307
67308 67438
67439 67542
67543 67607
67608 68464
68465 68509
68510 69179
69180 69238
69239 69493
69494 69654
69655 69857
69858 70002
70003 70101
70102 70152
70153 70752
70753 71021
71022 72042
72043 72044
72045 72140
72141 72163
72164 72291
72292 72539
72540 73035
73036 73487
73488 73557
73558 73741
73742 73861
73862 73912
73913 73986
73987 74124
74125 74214
74215 74449
74450 74484
74485 74722
74723 74995
74996 75160
75161 75562
75563 75615
75616 75910
75911 76159
76160 76217
76218 76883
76884 76937
76938 77164
77165 77217
77218 77566
77567 77810
77811 77862
77863 77966
77967 78716
78717 78798
78799 78997
78998 79137
79138 79214
79216 79337
79338 79439
79440 79544
79545 79720
79721 79807
79808 80116
80117 80364
80366 80476
80477 80803
80804 80891
80892 81037
81038 81175
81176 81340
81341 81388
81389 81799
81800 81871
81872 82336
82337 82390
82391 82429
82430 82552
82553 82682
82683 82747
82748 83386
83387 83465
83466 83693
83694 83868
83869 83951
83952 84145
84146 84195
84196 85002
85003 85106
85107 85290
85291 85366
85367 85445
85446 85535
85536 85636
85637 86115
86116 86152
86153 86350
86351 86395
86396 86528
86529 86585
86586 86663
86664 86992
86993 87337
87338 87721
87722 87771
87772 87846
87847 87920
87921 88131
88132 88216
88217 88611
88612 88668
88669 89263
89264 89318
89319 89385
89386 89453
89454 89502
89503 89692
89693 89830
89831 89875
89876 90579
90580 90632
90633 90672
90673 91271
91272 91310
91311 91366
91367 91567
91568 92115
92116 92216
92217 92261
92262 92320
92321 92447
92448 92475
92476 92552
92553 92621
92622 92682
92683 93451
93453 93729
93730 93828
93830 93931
93932 93983
93984 94042
94043 94085
94087 94245
94248 94383
94384 94517
94518 94574
94576 94704
94705 94961
94962 95087
95088 95368
95369 96146
96147 96407
96408 97402
97403 97546
97547 97691
97692 98740
98741 98872
98873 98975
98976 99111
99112 99150
99151 99174
99176 99417
99419 99436
99437 99443
99444 99467
99468 99473
99475 99497
99498 99504
99505 99528
99529 99559
99560 99564
99565 99589
99590 99596
99597 99621
99622 99626
99628 99652
99653 99657
99659 99683
99684 99689
99691 99713
99714 99719
99721 99745
99746 99750
99752 99776
99777 99783
99784 99807
99808 99813
99815 99839
99840 99845
99846 100081
100083 100495
100496 101900
101901 102252
102253 102346
102347 102994
102995 103136
103137 106040
106041 106183
106184 106792
106793 109627
109628 109821
109822 109929
109930 110079
110080 110252
110253 111399
111400 111675
111676 111912
111913 115500
115501 115673
115674 115809
115810 115953
115954 117049
117050 117188
117189 118430
118431 118672
118673 122435
122436 122612
122613 122754
122755 122886
122887 124788
124790 125052
125053 125165
125166 125371
125372 125596
125597 125670
125671 125792
125793 128049
128050 128152
128153 128285
128286 131388
131389 131569
131570 131768
131769 132664
132665 132974
132975 133024
133025 133026
133027 133028
133029 133054
133055 133092
133093 133098
133099 133102
133103 133256
133257 133262
133263 133264
133265 133276
133277 133278
133279 133286
133287 133288
133289 133294
133295 133296
133297 133298
133299 133306
133307 133312
133313 133314
133315 133324
133325 133336
133337 133352
133353 133382
133383 133384
133385 133386
133387 133392
133393 133456
133457 133460
133461 133462
133463 133480
133481 133646
133647 133652
133653 133674
133675 133676
133677 133692
133693 133696
133697 133704
133705 133706
133707 134268
134269 134270
134271 134274
134275 134276
134277 134282
134283 134288
134289 134582
134583 135779
135780 138631
138632 139979
139980 140073
140074 140828
140829 141599
141600 141790
141791 143036
143037 143684
143685 143888
143889 144402
144403 146648
146649 148834
148835 149133
149134 149458
149459 149727
149728 150522
150523 150812
150813 151001
151002 151439
151441 151521
151522 151603
151604 151672
151673 151699
151701 151860
151862 151883
151884 151917
151918 151932
151933 151942
151943 151949
151950 151959
151960 152005
152006 152042
152043 152057
152058 152060
152061 152066
152067 152167
152168 152172
152173 152176
152177 152195
152196 152296
152297 152299
152300 152335
152336 152408
152409 152419
152420 152497
152498 152629
152630 152681
152682 152775
152776 152827
152828 152878
152879 152925
152926 153249
153250 153334
153335 153405
153406 153605
153606 154075
154076 154280
154281 154354
154355 154641
154642 154713
154714 154792
154793 154966
154967 155041
155042 155074
155075 155140
155141 155229
155230 155442
155443 155595
155596 155656
155657 155701
155702 155743
155744 156139
156140 156551
156552 156634
156635 156674
156675 156792
156793 156857
156858 157047
157048 157180
157181 157349
157350 157438
157439 157617
157618 157883
157884 157939
157940 158197
158198 158327
158328 158607
158608 158704
158705 158771
158772 158840
158841 158915
158916 158969
158970 159034
159035 159322
159323 159429
159430 159933
159934 159948
159949 159966
159967 159973
159974 160005
160006 160015
160016 160028
160029 160048
160049 160125
160126 160192
160193 160213
160214 160237
160238 160290
160291 160316
160317 160350
160351 160413
160414 160469
160470 160573
160574 160585
160586 160601
160602 160621
160622 160650
160651 160717
160718 160765
160766 160781
160782 160819
160820 160902
160903 160982
160983 161066
161067 161129
161130 161153
161154 161177
161178 161243
161244 161294
161295 161330
161331 161369
161370 161415
161416 161553
161556 161618
161619 161755
161757 161846
161847 161932
161933 162014
162015 162128
162129 162234
162235 162282
162283 162344
162345 162510
162512 162645
162647 162748
162749 162796
162797 162900
162901 162952
162953 163004
163005 163100
163101 163255
163256 163339
163340 163439
163440 163465
163466 163530
163531 163559
163560 163611
163612 163657
163658 163711
163712 163871
163872 163943
163944 164091
164092 164147
164148 164171
164172 164255
164256 164327
164328 164377
164378 164433
164434 164520
164521 164702
164703 164796
164797 164854
164855 164904
164905 164940
164941 165060
165061 165134
165135 165218
165219 165429
165430 165475
165476 165539
165540 165621
165622 165711
165712 165849
165850 165871
165872 165909
165910 165976
165977 166027
166028 166107
166108 166179
166180 166245
166246 166349
166350 166591
166593 166699
166700 166776
166777 166922
166923 167020
167021 167110
167111 167127
167128 167167
167168 167247
167248 167297
167298 167449
167450 167463
167464 167495
167496 167634
167635 167678
167679 167821
167822 167890
167891 167961
167962 168153
168154 168334
168335 168438
168439 168639
168640 168669
168670 168746
168747 168850
168851 169034
169035 169080
169081 169174
169175 169244
169245 169334
169335 169387
169389 169428
169429 169503
169505 169555
169557 169632
169633 169690
169691 169793
169794 169884
169886 170072
170073 170199
170200 170259
170260 170323
170325 170457
170458 170552
170553 170646
170647 170828
170830 170954
170955 171016
171018 171074
171076 171166
171167 171233
171234 171299
171300 171412
171414 171515
171516 171848
171849 172320
172321 172561
172562 172622
172623 172738
172739 172784
172785 172852
172853 172931
172932 172969
172970 173076
173077 173114
173115 173231
173232 173446
173447 173470
173471 173503
173504 173598
173599 173685
173686 173740
173741 173823
173824 173876
173877 173942
173943 174088
174089 174146
174147 174260
174261 174395
174396 174574
174575 174589
174590 174685
174686 174799
174800 174920
174921 175012
175013 175084
175085 175135
175137 175241
175242 175341
175342 175411
175412 175579
175581 175660
175662 175824
175825 175913
175914 175999
176000 176091
176092 176181
176182 176237
176238 176262
176263 176333
176334 176363
176364 176400
176401 176439
176440 176463
176464 176609
176610 176657
176658 176703
176704 176783
176784 176821
176822 176908
176909 177033
177035 177135
177136 177205
177206 177287
177288 177377
177378 177452
177453 177543
177544 177650
177651 177729
177730 177823
177824 177875
177876 178011
178012 178079
178080 178213
178214 178331
178332 178397
178398 178525
178526 178569
178570 178641
178642 178861
178862 178961
178962 179065
179066 179274
179275 179320
179321 179384
179385 179480
179481 179518
179519 179676
179677 179778
179779 179889
179890 180008
180009 180046
180047 180096
180097 180120
180121 180168
180169 180230
180231 180302
180303 180362
180363 180446
180447 180504
180505 180578
180579 180680
180681 180704
180705 180766
180767 180804
180805 180958
180959 181008
181009 181042
181043 181284
181286 181400
181401 181464
181465 181557
181558 181684
181685 181720
181721 181943
181944 182033
182034 182119
182120 182183
182184 182305
182306 182413
182414 182478
182479 182565
182566 182621
182622 182665
182666 182707
182708 182829
182830 182901
182902 182981
182982 183013
183014 183037
183038 183085
183086 183269
183270 183301
183302 183329
183330 183392
183393 183439
183440 183486
183487 183585
183586 183625
183626 183713
183714 183813
183815 183897
183898 184009
184010 184120
184121 184149
184150 184209
184210 184249
184250 184281
184282 184375
184376 184469
184470 184537
184538 184593
184594 184831
184832 184909
184910 184987
184988 185029
185030 185125
185126 185191
185192 185285
185286 185310
185311 185360
185361 185426
185427 185481
185482 185606
185607 185692
185693 185736
185737 185800
185801 185872
185873 185968
185969 186022
186023 186190
186191 186234
186235 186342
186343 186374
186375 186406
186407 186486
186487 186563
186565 186648
186649 186763
186765 186834
186835 186898
186899 187076
187078 187288
187289 187356
187357 187406
187407 187524
187525 187588
187590 187640
187641 187714
187715 187766
187767 187928
187929 187976
187977 188043
188044 188141
188142 188203
188204 188244
188245 188316
188317 188392
188393 188445
188446 188479
188480 188722
188723 188845
188846 188950
188951 189021
189022 189287
189288 189360
189361 189491
189492 189520
