0 40
42 263
264 431
432 509
510 538
539 817
818 993
994 1252
1253 1309
1310 1358
1359 1434
1435 1481
1482 1555
1556 1620
1621 1632
1633 1670
1671 1713
1714 1756
1757 1816
1817 1862
1863 1924
1925 1996
1997 2191
2192 2361
2362 2436
2437 2529
2530 2695
2696 2720
2721 3036
3037 3103
3104 3168
3169 3263
3264 3320
3321 3355
3356 3370
3371 3427
3428 3448
3449 3463
3464 3478
3479 3510
3511 3530
3531 3570
3571 3754
3755 3813
3814 3909
3911 4015
4016 4032
4033 4694
4695 4812
4813 5299
5300 5424
5425 5441
5442 5472
5473 5485
5486 5512
5513 5534
5535 5560
5561 5563
5564 5581
5582 5601
5602 5610
5611 5617
5618 5654
5655 5702
5703 5741
5742 5799
5800 5885
5886 5919
5920 5961
5962 5988
5989 6022
6023 6122
6123 6191
6192 6194
6195 6289
6291 6348
6349 6386
6387 6436
6437 6464
6465 6490
6491 6562
6563 6590
6591 6630
6631 6653
6654 6666
6667 6730
6731 6822
6823 6898
6899 7020
7021 7099
7100 7210
7211 7349
7350 8127
8128 8362
8364 8398
8400 8803
8804 9302
9303 9304
9305 9389
9390 9485
9486 9872
9873 9983
9984 10062
10063 10103
10104 10276
10277 10752
10753 10879
10880 11009
11010 11556
11557 11819
11820 11932
11933 12032
12033 12122
12123 12503
12504 12604
12605 12673
12674 12805
12806 12882
12883 12980
12981 13088
13089 13198
13199 13246
13247 13562
13563 13718
13719 13831
13833 13957
13958 14034
14035 14093
14094 14148
14149 14258
14259 14323
14324 14390
14391 14463
14464 14496
14497 14562
14563 14764
14765 14851
14852 15067
15068 15124
15125 15274
15275 15476
15477 15709
15710 15805
15806 15880
15881 15968
15969 16150
16151 16240
16241 16255
16256 16290
16291 16318
16319 16346
16347 16403
16404 16426
16427 16454
16455 16486
16487 16514
16515 16581
16582 16607
16608 16687
16688 16718
16719 16750
16751 16787
16788 16823
16824 16949
16950 16971
16972 17002
17003 17076
17077 17355
17356 17410
17411 18165
18167 19119
19120 19159
19160 19344
19345 19403
19404 19468
19469 19558
19559 19618
19619 19808
19809 20019
20020 20088
20089 20175
20176 20237
20238 20420
20421 20605
20606 20689
20690 21294
21296 21804
21805 22697
22698 22765
22766 22813
22814 23079
23080 23147
23148 23201
23202 23262
23263 23474
23475 23538
23539 23598
23599 23688
23689 23768
23769 23939
23940 24223
24224 24282
24283 24465
24466 24512
24513 24559
24560 25034
25035 25299
25300 25436
25437 25522
25523 25653
25654 25733
25734 25923
25924 25981
25982 26096
26097 26241
26242 26306
26307 26435
26436 26497
26498 26637
26638 26688
26689 26796
26797 26916
26917 27015
27016 27109
27110 27268
27269 27325
27326 27625
27626 27668
27669 27706
27707 27805
27806 27863
27864 27946
27947 27995
27996 28046
28047 28133
28134 28394
28395 28466
28467 28676
28677 28722
28723 29526
29527 29644
29645 29767
29768 29849
29850 30331
30332 30381
30382 30418
30419 30836
30837 30876
30877 30958
30959 31039
31040 31131
31132 31296
31297 31334
31335 31654
31655 31686
31687 31850
31851 32005
32006 32156
32157 32254
32255 32394
32395 32469
32470 32818
32819 32896
32897 33014
33015 33136
33137 33181
33182 33280
33281 33323
33324 33369
33370 33432
33433 33514
33515 33789
33790 33910
33911 34149
34150 34254
34255 34306
34307 34360
34361 34400
34401 34452
34453 34506
34507 34541
34542 34915
34916 35082
35083 35290
35291 35322
35323 35397
35398 35446
35447 35715
35716 36096
36097 36735
36736 36829
36830 36963
36964 37019
37020 37585
37586 37801
37802 37895
37896 38004
38005 38125
38126 38454
38455 38574
38575 38654
38655 38775
38776 38851
38852 38945
38946 39006
39007 39188
39189 39231
39232 39297
39298 39425
39426 39522
39523 39621
39622 39827
39828 39888
39889 39937
39938 40443
40444 40486
40487 40567
40568 40651
40652 40688
40689 40723
40724 40760
40761 40833
40834 41049
41050 41098
41099 41150
41151 41292
41293 41364
41365 41396
41397 41431
41432 41479
41480 41539
41540 41578
41579 41797
41798 41889
41890 42000
42001 42147
42148 42179
42180 42267
42269 42286
42287 42440
42441 42513
42514 42559
42560 42782
42783 42831
42832 42961
42962 43045
43046 43070
43071 43145
43146 43221
43222 43587
43588 43625
43626 43767
43768 43817
43818 43897
43898 44030
44031 44202
44203 44369
44370 44519
44520 44572
44573 44885
44886 45144
45145 45329
45330 45386
45387 45586
45587 45722
45723 45828
45829 46033
46034 46081
46082 46186
46187 46248
46249 46315
46316 46486
46487 46573
46574 46615
46616 46884
46885 47126
47127 47179
47180 47236
47237 47286
47287 47342
47343 47378
47379 47419
47420 47472
47473 47524
47525 47597
47598 47790
47791 47968
47969 48310
48311 48331
48332 48788
48789 48896
48897 49038
49039 49076
49077 49185
49186 49256
49257 49373
49374 49492
49493 49617
49618 49736
49737 49813
49814 49879
49880 49950
49951 50023
50024 50497
50498 50663
50664 50957
50958 50991
50992 51130
51131 51324
51325 51488
51489 51606
51607 51669
51670 51719
51720 51777
51778 51835
51836 51891
51892 51953
51954 52052
52053 52387
52388 52509
52510 52652
52653 52750
52751 52931
52932 52961
52962 53135
53136 53270
53271 53316
53317 53356
53357 53466
53467 53787
53788 53884
53885 54435
54436 54515
54516 54663
54664 54811
54812 55118
55119 55212
55213 55334
55335 55380
55381 55480
55481 55582
55583 56134
56135 56233
56234 56522
56523 56649
56650 56861
56862 57069
57070 57257
57258 57314
57315 57636
57637 57754
57755 57898
57899 57955
57956 58236
58237 58301
58302 58353
58354 58644
58645 58704
58705 58765
58766 58914
58915 58993
58994 59208
59209 59291
59292 59335
59336 59613
59614 59648
59649 59690
59691 59802
59803 59878
59879 60036
60037 60264
60265 60311
60312 60321
60322 60896
60897 61013
61014 61141
61142 61268
61269 61416
61417 61486
61487 61566
61567 61664
61665 61737
61738 61881
61882 61979
61980 62020
62021 62095
62096 62206
62207 62390
62391 62471
62472 62904
62905 63022
63023 63561
63562 63641
63643 63777
63778 63966
63967 64022
64023 64219
64220 64443
64444 64504
64505 64644
64645 64741
64742 64994
64995 65046
65047 65126
65127 65238
65239 65295
65296 65340
65341 65424
65425 65478
65479 65635
65636 65709
65710 65820
65821 66002
66003 66068
66069 66145
66146 66222
66223 66363
66364 66479
66480 66756
66757 66940
66941 66980
66981 67038
67039 67606
67607 67772
67773 67921
67922 67981
67982 68004
68005 68262
68263 68417
68418 68513
68514 68567
68568 68635
68636 68772
68773 68816
68817 68901
68902 68957
68958 68967
68968 69141
69142 69183
69184 69532
69533 69649
69650 69779
69780 69890
69891 69997
69998 70155
70156 70233
70234 70313
70314 70687
70688 70911
70912 71160
71161 71231
71232 71342
71343 71704
71705 71893
71894 71933
71934 71972
71973 72025
72026 72186
72187 72477
72478 72529
72530 72960
72961 73003
73004 73049
73050 73351
73352 73397
73398 74034
74035 74095
74096 74367
74368 74412
74413 75409
75410 75751
75752 75870
75871 75963
75964 76001
76002 76028
76029 76148
76149 76226
76227 76445
76446 76505
76506 76591
76592 76694
76695 76836
76837 77072
77073 77146
77147 77345
77346 77663
77664 77757
77758 78025
78026 78086
78087 78339
78340 78400
78401 78528
78529 78575
78576 78669
78670 78719
78720 78774
78775 78953
78954 79049
79050 79136
79137 79192
79193 79360
79361 79567
79568 79634
79635 79808
79809 79877
79878 79911
79912 79957
79958 80018
80019 80133
80134 80236
80237 80295
80296 80394
80395 80464
80465 80624
80625 80710
80711 80794
80795 80869
80870 80947
80948 80986
80987 81053
81054 81103
81104 81237
81238 81293
81294 81337
81338 81421
81422 81478
81479 82020
82021 82095
82096 82192
82193 82223
82224 82317
82318 83017
83019 83132
83134 83535
83536 83777
83778 83821
83822 83916
83917 83964
83965 84046
84047 84113
84114 84172
84173 84276
84277 84290
84291 84329
84330 84401
84402 84469
84470 84533
84534 84574
84575 84665
84666 84668
84669 84757
84758 84785
84786 84832
84833 84881
84882 84927
84928 85016
85017 85094
85095 85168
85169 85185
85186 85810
85811 85895
85896 85962
85963 86452
86453 86577
86578 86594
86595 86748
86749 86805
86806 86832
86833 86893
86894 87081
87082 87242
87243 87344
87345 87346
87347 87438
87439 87631
87632 88068
88070 88151
88152 88233
88234 88302
88303 88329
88331 88481
88482 89030
89031 89088
89089 89294
89295 89344
89345 89386
89387 89419
89420 89433
89434 89463
89464 89476
89477 89493
89495 89513
89515 89828
89829 89848
89849 89871
89872 89894
89895 89913
89915 89934
89935 89955
89956 89972
89973 90009
90011 90115
90116 90133
90134 90146
90147 90263
90264 90466
90467 90519
90520 90557
90558 90591
90592 90665
90666 90732
90733 90794
90795 90886
90887 90966
90967 91062
91063 91118
91119 91258
91259 91417
91418 91478
91479 91542
91543 91617
91618 91681
91682 92217
92218 92325
92326 92442
92443 92557
92558 92659
92660 92764
92765 92865
92866 92953
92954 93118
93119 93194
93195 93388
93389 93525
93526 93599
93600 93689
93690 93793
93794 94074
94075 94227
94228 94306
94307 94410
94411 94478
94479 94581
94582 94625
94626 94708
94709 94910
94911 94987
94988 95054
95055 95296
95297 95369
95370 95440
95441 95637
95638 95735
95736 96177
96178 96275
96276 96530
96531 96629
96630 96837
96838 97029
97030 97218
97219 97311
97312 97553
97554 97691
97692 97784
97785 97887
97888 98136
98137 98216
98217 98358
98359 98432
98433 98556
98557 98646
98647 98715
98716 98869
98870 99001
99002 99167
99168 99220
99221 99397
99398 99467
99468 99560
99561 99598
99599 99744
99745 99920
99921 100040
100041 100117
100118 100179
100180 100219
100220 100327
100328 100662
100663 100826
100827 100888
100889 100925
100926 101003
101004 101084
101085 101154
101155 101214
101215 101433
101434 101607
101608 101833
101834 101967
101968 102099
102100 102153
102154 102252
102253 102294
102295 102407
102408 102508
102509 102647
102648 102712
102713 102822
102823 103020
103021 103159
103160 103556
103557 103697
103698 103798
103799 103931
103932 104049
104050 104201
104202 104277
104278 104389
104390 104499
104500 104584
104585 104715
104716 104831
104832 105038
105039 105120
105121 105261
105262 105290
105291 105369
105370 105442
105443 105515
105516 105820
105821 106030
106031 106155
106156 106205
106206 106275
106276 106379
106380 106431
106432 106518
106519 106557
106558 106633
106634 106690
106691 106780
106781 106833
106834 106879
106880 106927
106928 106988
106989 107051
107052 107098
107099 107148
107149 107179
107180 107318
107319 107383
107384 107625
107626 107710
107711 107756
107757 107842
107843 107972
107973 108051
108052 108165
108166 108275
108276 108389
108390 108505
108506 108672
108673 108857
108858 109122
109123 109225
109226 109322
109323 109423
109424 109625
109626 109724
109725 109770
109771 110019
110020 110102
110103 110151
110152 110204
110205 110263
110264 110456
110458 110513
110515 110590
110591 110627
110628 110674
110675 110720
110721 110754
110756 110808
110810 110849
110850 110913
110914 111164
111165 111342
111343 111432
111433 111499
111500 111605
111606 111717
111718 111875
111876 112015
112016 112123
112124 112301
112302 112335
112336 112519
112520 112586
112587 112711
112712 112796
112797 112904
112905 112986
112987 113063
113064 113220
113221 113339
113340 113387
113388 113457
113458 113533
113534 113784
113785 113893
113894 114028
114029 114438
114439 114519
114520 114524
114525 114677
114678 114763
114764 115041
115042 115102
115103 115391
115392 115464
115465 115631
115632 115855
115856 115914
115915 116054
116055 116124
116125 116185
116186 116306
116307 116565
116566 116743
116744 116881
116882 117109
117110 117487
117488 117614
117615 117670
117671 117753
117754 117850
117851 117904
117905 117963
117964 118000
118001 118053
118054 118200
118201 118244
118246 118328
118329 118661
118662 118871
118872 118949
118950 119031
119032 119120
119121 119269
119270 119436
119437 119513
119514 119601
119602 119808
119809 119884
119885 119973
119974 120029
120030 120139
120140 120262
120263 120420
120421 120459
120460 120519
120520 120606
120607 120681
120682 120724
120725 120791
120792 120872
120873 120954
120955 121078
121079 121173
121174 121221
121222 121303
121304 121370
121371 121472
121473 121616
121617 121749
121750 121825
121826 121917
121918 121943
121944 121976
121977 122002
122003 122049
122050 122087
122088 122115
122116 122136
122137 122175
122176 122204
122205 122295
122296 122407
122408 122476
122477 122498
122499 122521
122522 122593
122594 122632
122633 122770
122771 122953
122954 123150
123151 123189
123190 123414
123415 123476
123477 123573
123574 123687
123688 123782
123783 123901
123902 123979
123980 124055
124056 124115
124116 124229
124230 124310
124311 124378
124379 124421
124422 124499
124500 124546
124547 124699
124700 124788
124789 125102
125103 125392
125393 125507
125508 125682
125683 125775
125776 126042
126043 126242
126243 126308
126309 126351
126352 126419
126420 126565
126566 126665
126666 126829
126830 126942
126943 126989
126990 127032
127033 127082
127083 127171
127172 127344
127345 127408
127409 127473
127474 127506
127507 127564
127565 127715
127716 127839
127840 127913
127914 128024
128025 128222
128223 128269
128270 128301
128302 128369
128370 128413
128414 128486
128487 128555
128556 128741
128742 128905
128906 128993
128994 129126
129127 129212
129213 129265
129266 129340
129341 129386
129387 129429
129430 129730
129731 129871
129872 129976
129977 130044
130045 130222
130223 130318
130319 130440
130441 130806
130807 130892
130893 131108
131109 131191
131192 131315
131317 131501
131502 131627
131629 131670
131671 131764
131766 131839
131840 131882
131883 131945
131946 132043
132044 132089
132090 132251
132252 132522
132523 132628
132629 133130
133131 133412
133413 133665
133666 133684
133685 133728
133729 133958
133959 134543
134544 134595
134596 134652
134653 134719
134720 134819
134820 135548
135549 135831
135832 136049
136050 136325
136326 136550
136551 136641
136642 136664
136665 136695
136696 136738
136739 136769
136770 136792
136793 136834
136835 136898
136899 136936
136937 136965
136966 136996
136997 137094
137095 137315
137316 137375
137376 137754
137755 138083
138084 138223
138224 138657
138658 138722
138723 138783
138784 139680
139681 139744
139745 140037
140038 141063
141064 141100
141101 141163
141164 141200
141201 141267
141268 141304
141305 141389
141390 142481
142482 144018
144019 144356
144357 144782
144783 144890
144891 145520
145521 145574
145575 146013
146014 146535
146536 146937
146938 147650
147651 148056
148057 148780
148781 148922
148923 149052
149053 149169
149170 149287
149288 149337
149338 149429
149430 149651
149652 150609
150610 151230
151231 151891
151892 153292
153293 153564
153565 153684
153685 155268
155269 155645
155646 155667
155668 155693
155694 156113
156114 156351
156352 156432
156433 156877
156878 157854
157855 158239
158240 158901
158902 159403
159404 159597
159598 159774
159775 159868
159869 159949
159950 160530
160531 160883
160884 161239
161240 162307
162308 162381
162382 162420
162421 162459
162460 162501
162502 162540
162541 162622
162623 162694
162695 162736
162737 162811
162812 162863
162864 162962
162963 163011
163012 163136
163137 163860
163861 163977
163978 164052
164053 164151
164152 164223
164224 164307
164308 164891
164892 165035
165036 165160
165161 165256
165257 165399
165400 165887
165888 165954
165955 166112
166113 166160
166161 166390
166391 166627
166628 166738
166739 167321
167322 167396
167397 167445
167446 167539
167540 167607
167608 167708
167709 167836
167837 167921
167922 168070
168071 168161
168162 168257
168258 168498
168499 168568
168569 168626
168627 168779
168780 168834
168835 168871
168872 168911
168912 168976
168977 169007
169008 169057
169058 169090
169091 169140
169141 169194
169195 169265
169266 169415
169416 169467
169468 169532
169533 169579
169580 169671
169672 169729
169730 169797
169798 169867
169868 169926
169927 170019
170020 171346
171347 171505
171506 171556
171557 171609
171610 171662
171663 172459
172460 172568
172569 172634
172635 172735
172736 173009
173010 173051
173052 173126
173127 173191
173192 173243
173244 173314
173315 173384
173385 173998
173999 174243
174244 174737
174738 174856
174857 175019
175020 175309
175310 175403
175404 175458
175459 175521
175522 175574
175575 175657
175658 175744
175745 175843
175844 176777
176778 176848
176849 176910
176911 176976
176977 177243
177244 177299
177300 177359
177360 177413
177414 177455
177456 177498
177499 177558
177559 177632
177633 177705
177706 177781
177782 177821
177822 177862
177863 177891
177892 177935
177936 177990
177991 178049
178050 178128
178129 178890
178891 178960
178961 179002
179003 179062
179063 179106
179107 179201
179202 179312
179313 179418
179419 179515
179516 179576
179577 179640
179641 179695
179696 179767
179768 179870
179871 180202
180203 181712
181713 186309
