0 787
788 948
950 1161
1162 2423
2424 2453
2455 6787
6789 7465
7466 8216
8217 8451
8452 8487
8489 8930
8931 9054
9055 9184
9185 9731
9732 9993
9994 10106
10107 10206
10207 10247
10248 10645
10646 10748
10749 10817
10818 10949
10950 11026
11027 11124
11125 11232
11233 11342
11343 11398
11399 11706
11707 11861
11862 11974
11976 12100
12101 12177
12178 12235
12236 12290
12291 12400
12401 12465
12466 12532
12533 12605
12606 12862
12863 12991
12992 13028
13029 13194
13195 13454
13455 13855
13856 13962
13963 14069
14070 14408
14409 14698
14699 14827
14828 14923
14924 15090
15091 15252
15253 15331
15332 15626
15629 15877
15878 15907
15908 15936
15937 15967
15968 15997
15998 16026
16027 16057
16058 16249
16251 16403
16404 16607
16608 16690
16691 17111
17113 17165
17166 17331
17332 17490
17491 17710
17711 18524
18525 18616
18617 18819
18820 18914
18915 19022
19023 19260
19261 19356
19357 19483
19484 19595
19596 19703
19704 19790
19791 19954
19955 20148
20149 20275
20276 20576
20577 20659
20660 21058
21060 21112
21113 21162
21163 21209
21210 21323
21324 21470
21471 21515
21516 21598
21599 22045
22046 22118
22119 22176
22177 22324
22325 22387
22388 22775
22776 22831
22832 22910
22911 23200
23201 23578
23579 23671
23672 23743
23744 23846
23847 23955
23956 24218
24219 24281
24282 24323
24324 24713
24715 24767
24768 24828
24829 24918
24919 25274
25275 25550
25551 25658
25659 25926
25927 26020
26021 26195
26196 26486
26487 26569
26570 26785
26786 26899
26900 27393
27394 27564
27565 28093
28094 28147
28148 28272
28273 28324
28325 28357
28358 28417
28418 28597
28598 28976
28977 29108
29109 29169
29170 29278
29279 29501
29502 29815
29816 29980
29981 30115
30116 30317
30318 30550
30551 31103
31104 31157
31158 31242
31243 31506
31507 32094
32095 32453
32454 32637
32638 32714
32715 32930
32931 33261
33262 33760
33761 33839
33840 33934
33935 34017
34018 34424
34426 34478
34479 34658
34659 34744
34745 34951
34952 35256
35257 35358
35359 35453
35454 35533
35534 35608
35609 35708
35709 35826
35827 35920
35921 36136
36137 36300
36301 36739
36740 36792
36793 36862
36863 37048
37049 37299
37300 37685
37686 37855
37856 37999
38000 38468
38469 38572
38573 38704
38705 39152
39153 39524
39525 39661
39662 39762
39763 39951
39952 40336
40337 40528
40529 40645
40646 41131
41132 41185
41186 41344
41345 41745
41746 41896
41897 42025
42026 42498
42499 42721
42722 42989
42990 43106
43107 43236
43237 43348
43349 43431
43432 43806
43807 43860
43861 44068
44069 44121
44122 44225
44226 44297
44298 44545
44546 44666
44667 44829
44830 44911
44912 45164
45165 45226
45227 45530
45531 45677
45678 46228
46230 46282
46283 46322
46323 46351
46352 46380
46381 46413
46414 46497
46498 46864
46865 46981
46982 47016
47017 47074
47075 47350
47351 47454
47455 47778
47779 47856
47857 47969
47970 48408
48409 48589
48590 48799
48800 48967
48968 49249
49250 49527
49528 49676
49677 49829
49830 49969
49970 50136
50137 50426
50427 50739
50740 50886
50887 51389
51390 52326
52327 52397
52398 53178
53179 53414
53415 53450
53451 53891
53892 54011
54012 54141
54142 54688
54689 54951
54952 55064
55065 55164
55165 55225
55226 55598
55599 55695
55696 55764
55765 55896
55897 55973
55974 56071
56072 56179
56180 56289
56290 56342
56343 56690
56691 56842
56843 56955
56957 57081
57082 57158
57159 57216
57217 57271
57272 57381
57382 57446
57447 57513
57514 57586
57587 57840
57841 57969
57970 58006
58007 58172
58173 58407
58408 58841
58842 58951
58952 59058
59059 59397
59398 59687
59688 59767
59768 59843
59844 60045
60046 60239
60240 60330
60331 60833
60834 60851
60852 60892
60893 61051
61052 61191
61192 61404
61405 63057
63059 63432
63433 63592
63593 64005
64006 64121
64122 64664
64665 64905
64908 64988
64989 65093
65094 65215
65216 65375
65376 65596
65597 65867
65868 65962
65963 66062
66063 66204
66205 66284
66285 66375
66376 66452
66453 66655
66656 66993
66994 67268
67269 67821
67822 68079
68080 68186
68187 68550
68551 68766
68767 69063
69064 69236
69238 69521
69522 69608
69610 69774
69775 70096
70097 70311
70312 70594
70595 70849
70850 71022
71023 71240
71241 71458
71459 71652
71653 71873
71874 72024
72025 72068
72069 72332
72333 72561
72562 73260
73261 73926
73927 74293
74294 74357
74358 74562
74563 74654
74655 74757
74758 74870
74871 74943
74944 75219
75220 75277
75278 75427
75428 75524
75525 75693
75694 75795
75796 75993
75994 76034
76035 76404
76405 76609
76610 76783
76784 76847
76848 77174
77175 77226
77227 77279
77280 77578
77579 77628
77629 77775
77776 77992
77993 78079
78080 78245
78246 78290
78291 78439
78440 78474
78475 78590
78591 78994
78996 79379
79380 79482
79483 79741
79742 79921
79922 80072
80073 80119
80120 80168
80169 80245
80247 80331
80332 81398
81399 81580
81581 81610
81611 81662
81663 81825
81826 82226
82227 82440
82441 82627
82628 83080
83081 83227
83228 83540
83541 83635
83636 83705
83706 83998
83999 84346
84347 84571
84572 84877
84878 85090
85091 85287
85288 85479
85480 85709
85710 85910
85911 86157
86158 86204
86205 86875
86876 86994
86995 87087
87088 87239
87240 87529
87530 87573
87574 88006
88007 88072
88073 88146
88147 88238
88239 88353
88354 89024
89025 89139
89140 89511
89512 89572
89573 89717
89718 89823
89824 89939
89940 90070
90071 90191
90192 90477
90478 90551
90552 91087
91088 91243
91244 91632
91634 91697
91698 92246
92247 92370
92371 92627
92628 92686
92687 93162
93163 93258
93259 93330
93331 93820
93821 93882
93883 94217
94218 94609
94610 94683
94684 94779
94780 94817
94818 94843
94844 94869
94870 94935
94936 94966
94967 95002
95003 95068
95069 95106
95107 95159
95160 95298
95299 95335
95336 95392
95393 95420
95421 95492
95493 95586
95587 95669
95670 95840
95841 95906
95907 95923
95924 96585
96586 96690
96691 96791
96792 96911
96912 96947
96948 96978
96979 97065
97066 97067
97068 97162
97163 97165
97166 97965
97966 98201
98202 98237
98238 98688
98689 98808
98809 98938
98939 99485
99486 99748
99749 99861
99862 99961
99962 100029
100030 100417
100418 100513
100514 100582
100583 100714
100715 100791
100792 100889
100890 100997
100998 101107
101108 101180
101181 101503
101504 101660
101661 101773
101775 101899
101900 101976
101977 102034
102035 102089
102090 102199
102200 102264
102265 102331
102332 102404
102405 102631
102632 102760
102761 102797
102798 102963
102964 103197
103198 103616
103617 103726
103727 103833
103834 104172
104173 104462
104463 104569
104570 104655
104656 104843
104844 105011
105012 105110
105111 105201
105202 105575
105576 105953
105954 105970
105971 106187
106188 106350
106351 106410
106411 106561
106562 106611
106612 106720
106721 106737
106738 106855
106856 106903
106904 106929
106930 106947
106948 107048
107049 107084
107085 107232
107233 107312
107313 107413
107414 107487
107488 107504
107505 107629
107630 107771
107772 107788
107789 107844
107845 107991
107992 108005
108006 108244
108246 108367
108368 108454
108456 108532
108535 108540
108541 108635
108636 108650
108651 108681
108682 108741
108742 108883
108885 109119
109120 109566
109567 110732
110733 110781
110782 111055
111056 111097
111098 111156
111157 111324
111325 111973
111974 112073
112074 112321
112322 112364
112365 112619
112620 112728
112729 113202
113203 113310
113311 113635
113636 114229
114230 114315
114316 114376
114377 114678
114679 114731
114732 114929
114930 115339
115340 116106
116107 116179
116180 116382
116383 117333
117334 117423
117424 118048
118049 118152
118153 118487
118488 118693
118694 118779
118781 118908
118909 119188
119189 119396
119397 119552
119553 119761
119762 119964
119965 120184
120185 120402
120403 120626
120627 120765
120766 120898
120899 120941
120942 121187
121188 121436
121437 122121
122122 122698
122699 123064
123065 123128
123129 123333
123334 123425
123426 123528
123529 123641
123642 123714
123715 123990
123991 124048
124049 124198
124199 124295
124296 124464
124465 124566
124567 124764
124765 124802
124803 125164
125165 125380
125381 125551
125552 125615
125616 125942
125943 125994
125995 126047
126048 126346
126347 126396
126397 126543
126544 126760
126761 126847
126848 127013
127014 127058
127059 127207
127208 127244
127245 127342
127343 127803
127804 127884
127885 128199
128200 128434
128435 128647
128648 128804
128805 128996
128997 129241
129242 129313
129314 129583
129584 129822
129823 129923
129924 130157
130158 130566
130567 130999
131000 131245
131246 131545
131546 131956
131957 132115
132116 132343
132345 132495
132496 132552
132553 133191
133192 133343
133344 133692
133693 133734
133735 134348
134349 134643
134644 134750
134751 134799
134800 135150
135151 135228
135229 135935
135936 136000
136001 136307
136308 136459
136460 136546
136548 136775
136776 136900
136901 137012
137013 137029
137030 137123
137124 137349
137350 137579
137580 137693
137694 137846
137847 137895
137897 137963
137964 138565
138566 138626
138627 138908
138909 138985
138986 139239
139240 139402
139403 139478
139479 139572
139573 139651
139652 140004
140005 140053
140054 140186
140187 140248
140249 140372
140373 140446
140447 140611
140612 140716
140717 140784
140785 140851
140852 141341
141342 141466
141467 141483
141484 142108
142109 142125
142126 142151
142152 142189
142190 142241
142242 142276
142277 142318
142319 142341
142342 142370
142371 142500
142501 142503
142504 142602
142603 143383
143384 143618
143620 143654
143656 144095
144096 144223
144224 144353
144354 144900
144901 145163
145164 145276
145277 145376
145377 145450
145451 145831
145832 145932
145933 146001
146002 146133
146134 146210
146211 146308
146309 146416
146417 146526
146527 146596
146597 146904
146905 147057
147058 147170
147172 147296
147297 147373
147374 147431
147432 147486
147487 147596
147597 147661
147662 147728
147729 147992
147993 148121
148122 148158
148159 148324
148325 148554
148555 148948
148949 149055
149056 149162
149163 149501
149502 149791
149792 149835
149836 149922
149923 150138
150139 150275
150276 150361
150363 150417
150419 150459
150460 150593
150594 150814
150815 152306
152307 152676
152678 152836
152837 153249
153250 153365
153366 153908
153909 154149
154152 154232
154233 154337
154338 154459
154460 154481
154482 154619
154620 154840
154841 155111
155112 155206
155207 155306
155307 155448
155449 155528
155529 155619
155620 155696
155697 155899
155900 156237
156238 156513
156514 157066
157067 157324
157325 157431
157432 157795
157796 158010
158011 158307
158308 158472
158474 158747
158748 158832
158833 158994
158995 159278
159279 159467
159468 159732
159733 159975
159976 160187
160188 160346
160347 160518
160519 160704
160705 160907
160908 161064
161065 161109
161110 161345
161346 161551
161552 162414
162415 163068
163069 163432
163433 163496
163497 163701
163702 163793
163794 163896
163897 164009
164010 164082
164083 164358
164359 164416
164417 164566
164567 164663
164664 164832
164833 164934
164935 165132
165133 165170
165171 165566
165567 165751
165752 166592
166593 167655
167656 167735
167736 168414
168415 168461
168462 168722
168723 168798
168799 168951
168952 168998
168999 169479
169480 169619
169620 169716
169717 170624
170625 170721
170722 171069
171070 171279
171280 171716
171717 171787
171788 171910
171911 171975
171976 172660
172661 172748
172749 173098
173099 173191
173192 173518
173519 173560
173561 173847
173848 173994
173995 174431
174432 174551
174552 174776
174777 174927
174928 175715
175716 175768
175769 175829
175831 175944
175945 176017
176018 176065
176066 176203
176204 176297
176298 176347
176348 176418
176419 176512
176513 176581
176582 176631
176632 176738
176739 176791
176792 176937
176938 177002
177003 177056
177057 177539
177540 177578
177579 177912
177913 177948
177949 178019
178020 178293
178294 178363
178364 178990
178991 179262
179263 179860
179861 180009
180010 180163
180165 180386
180387 180554
180555 180632
180633 180661
180662 180687
180688 180940
180942 181116
181117 181375
181376 181432
181433 181481
181482 181557
181558 181604
181605 181678
181679 181743
181744 181755
181756 181793
181794 181836
181837 181879
181880 181939
181940 181985
181986 182047
182048 182119
182120 182313
182315 182484
182485 182559
182560 182652
182653 182818
182819 182843
182844 183043
183044 183159
183160 183226
183227 183291
183292 183386
183387 183388
183389 183429
183430 183478
183479 183493
183494 183550
183551 183571
183572 183586
183587 183601
183602 183633
183634 183653
183654 183693
183694 183877
183878 183936
183937 184032
184034 184138
184139 184155
184156 184817
184818 184935
184936 185422
185423 185547
185548 185564
185565 185595
185596 185608
185609 185635
185636 185657
185658 185683
185684 185686
185687 185704
185705 185724
185725 185733
185734 185740
185741 185777
185778 185825
185826 185864
185865 185922
185923 186008
186009 186042
186043 186084
186085 186111
186112 186145
186146 186245
186246 186314
186315 186317
186318 186412
186414 186471
186472 186509
186510 186559
186560 186587
186588 186613
186614 186685
186686 186713
186714 186753
186754 186776
186777 186789
186790 186853
186854 186945
186946 187021
187022 187142
187143 187221
187222 187332
187333 187471
187472 188249
188250 188484
188486 188520
188522 188925
188926 189425
189426 189511
189512 189589
189590 189620
