0 28
29 69
70 108
109 139
140 220
221 260
261 314
315 393
394 423
424 487
488 520
521 585
586 635
636 671
672 703
704 753
754 880
881 949
951 1150
1151 1198
1199 1256
1257 1397
1398 1516
1517 1892
1893 2077
2078 2101
2102 2131
2132 2145
2146 2185
2186 2269
2270 2585
2586 2657
2658 2736
2738 2806
2808 2845
2847 2935
2936 3070
3072 3150
3152 3264
3266 3374
3375 3571
3573 3628
3630 3842
3844 3881
3883 4017
4018 4058
4060 4252
4254 4385
4387 4502
4504 5060
5061 5666
5667 5853
5854 5921
5922 6455
6456 6645
6647 7027
7029 7058
7059 7123
7125 7234
7235 7285
7286 7900
7901 7927
7928 7944
7945 7989
7990 8176
8177 8352
8353 8383
8384 8422
8423 8502
8503 8514
8515 8541
8542 8622
8623 8643
8644 8703
8704 8853
8854 8902
8903 8984
8986 9038
9039 9271
9272 9309
9310 9357
9358 9392
9393 9461
9463 9578
9580 9624
9626 9684
9685 9736
9738 9969
9970 10012
10013 10061
10062 10079
10080 10202
10203 10246
10247 10299
10300 10375
10376 10396
10397 10466
10467 10521
10522 10683
10684 10833
10834 10852
10853 10869
10870 10878
10879 10898
10899 10908
10909 10957
10958 10983
10984 11036
11037 11168
11170 11210
11211 11230
11231 11286
11287 11330
11331 11444
11445 11491
11492 11552
11553 11573
11574 11604
11605 11633
11634 11663
11664 11700
11701 11768
11769 11807
11808 11847
11848 11870
11872 11913
11914 11932
11933 11971
11973 12002
12004 12101
12102 12205
12206 12228
12229 12242
12243 12259
12260 12295
12296 12636
12637 12698
12699 12739
12740 12755
12756 12805
12806 12821
12822 12858
12859 12890
12891 12926
12927 12993
12994 13048
13049 13064
13065 13109
13110 13145
13146 13172
13173 13197
13198 13239
13240 13259
13260 13293
13294 13321
13322 13358
13359 13386
13387 13413
13414 13440
13441 13469
13470 13534
13535 13560
13561 13618
13619 13687
13688 13727
13729 13771
13773 13866
13867 13919
13920 13959
13961 13999
14000 14057
14058 14118
14119 14147
14148 14188
14189 14220
14221 14273
14274 14309
14310 14362
14363 14398
14399 14551
14552 14606
14607 14783
14784 14849
14850 14868
14869 14896
14897 14970
14971 15067
15068 15069
15070 15089
15090 15127
15128 15159
15160 15198
15199 15239
15240 15264
15265 15297
15298 15331
15332 15357
15358 15392
15393 15420
15421 15472
15473 15501
15502 15541
15542 15596
15597 15646
15647 15677
15678 15761
15762 15819
15820 15821
15822 15946
15947 15948
15949 16083
16084 16167
16168 16231
16232 16322
16323 16358
16359 16415
16416 16455
16456 16715
16716 16855
16856 17340
17341 17357
17358 17393
17395 17424
17426 17452
17453 17471
17472 17535
17536 17579
17580 17600
17602 17623
17624 17647
17648 17667
17668 17681
17682 17699
17700 17730
17731 17760
17761 17797
17798 17833
17834 17848
17849 17878
17879 17915
17917 17953
17954 17984
17985 18008
18010 18106
18107 18108
18109 18202
18203 18389
18390 18738
18739 18756
18757 18813
18814 18861
18862 18915
18916 18962
18963 19002
19003 19048
19049 19122
19123 19272
19273 19303
19304 19448
19449 19546
19548 19572
19573 19764
19765 19815
19816 19929
19930 20416
20417 20526
20527 20643
20644 20730
20731 20787
20788 20899
20900 20982
20983 21046
21047 21104
21105 21199
21200 21260
21261 21415
21416 21559
21560 21599
21600 21798
21799 21863
21864 21923
21924 22167
22168 22288
22290 22347
22348 22396
22397 22576
22577 22681
22682 22865
22866 22891
22892 22950
22951 22975
22976 23077
23078 23178
23179 23246
23247 23281
23282 23336
23337 23588
23589 23654
23655 23673
23674 23701
23702 23936
23937 23985
23986 24100
24101 24215
24216 24395
24396 24461
24462 24499
24500 24679
24680 24861
24862 24919
24920 25195
25196 25261
25262 25333
25334 25365
25366 25471
25472 25527
25529 25688
25689 25771
25772 25805
25806 25869
25870 26002
26003 26054
26055 26105
26106 26129
26130 26245
26246 26318
26319 26554
26555 26605
26606 26908
26909 27081
27082 27108
27109 27155
27156 27204
27205 27315
27316 27393
27394 27457
27458 27530
27531 27619
27620 27846
27847 28026
28027 28259
28260 28350
28351 28391
28392 28494
28495 28541
28542 28572
28573 28651
28652 28715
28716 28849
28850 28974
28975 29075
29076 29174
29175 29198
29199 29272
29273 29406
29407 29478
29479 29570
29571 29651
29652 29781
29782 29815
29816 29988
29989 30068
30069 30194
30195 30447
30448 30806
30807 30881
30882 30949
30950 31142
31143 31234
31235 31351
31352 31405
31406 31536
31537 31644
31645 31721
31722 31779
31780 31832
31833 32010
32011 32045
32046 32526
32527 32625
32626 32804
32805 32862
32863 33010
33011 33076
33077 33209
33210 33326
33327 33430
33431 33669
33670 33884
33885 34007
34008 34131
34132 34186
34187 34593
34594 34705
34706 34733
34734 34827
34828 34969
34971 35179
35180 35493
35494 35759
35760 35848
35849 35924
35925 35960
35961 35992
35993 36024
36025 36071
36072 36215
36216 36274
36275 36347
36348 36455
36456 36575
36576 36655
36656 37183
37184 37227
37228 37347
37348 37415
37416 37520
37521 37554
37555 37614
37615 37920
37921 38005
38006 38099
38100 38329
38330 38374
38375 38787
38788 39032
39033 39112
39113 39534
39535 40942
40943 40992
40993 41087
41088 41111
41112 41307
41308 41342
41343 41391
41392 41450
41451 41640
41641 41806
41808 41854
41855 41913
41915 41963
41964 42015
42017 42098
42099 42432
42433 42653
42654 42693
42694 42784
42785 43093
43094 43277
43278 43343
43344 43476
43477 43503
43504 43693
43694 43757
43758 43816
43817 43886
43887 43910
43911 43932
43933 44041
44042 44122
44123 44197
44198 44263
44264 44297
44298 44329
44330 44377
44378 44689
44690 44743
44744 44908
44909 44970
44972 45072
45073 45229
45230 45263
45264 45457
45458 45483
45484 45730
45731 45808
45809 45996
45997 46331
46332 46377
46378 46469
46470 46680
46681 46945
46947 47476
47477 47542
47543 47655
47656 47727
47728 47790
47791 47937
47938 48142
48143 48575
48576 48664
48665 48747
48748 48804
48805 48991
48992 49071
49072 49385
49386 49595
49596 50070
50071 50173
50174 50240
50241 50284
50285 50413
50414 50459
50460 50525
50526 50617
50619 50664
50665 51159
51160 51358
51359 51449
51450 51541
51542 51638
51639 51640
51641 51818
51819 51928
51929 51954
51955 51979
51980 52024
52025 52060
52061 52096
52097 52132
52133 52177
52178 52225
52226 52405
52406 52515
52516 52518
52519 52645
52646 52664
52665 52687
52688 52718
52719 52752
52753 52807
52808 52828
52829 52847
52848 52892
52893 52916
52917 52933
52934 52949
52950 52981
52982 53065
53067 53105
53106 53130
53131 53178
53179 53204
53205 53239
53240 53257
53258 53287
53288 53321
53322 53394
53395 53536
53537 53553
53554 53693
53694 54178
54179 54195
54196 54217
54219 54247
54249 54320
54321 54322
54323 54420
54421 54685
54686 54791
54792 55290
55291 55659
55660 55669
55670 55699
55700 55724
55725 55738
55739 55749
55750 55775
55776 55831
55832 55908
55909 56023
56024 56058
56059 56342
56343 56427
56428 56526
56527 56657
56658 56754
56755 57181
57182 57578
57579 57851
57852 58806
58807 58889
58890 59749
59750 60114
60115 60499
60500 60925
60926 60986
60987 61056
61057 61196
61197 61932
61933 62105
62106 62255
62256 62712
62713 62948
62949 62985
62986 63002
63003 63015
63016 63027
63028 63070
63071 63092
63093 63104
63105 63116
63117 63155
63156 63256
63257 63537
63538 63631
63632 63777
63778 64065
64066 64107
64108 64148
64149 64190
64191 64230
64231 64273
64274 64356
64357 64420
64421 64652
64653 64736
64737 64829
64830 64894
64895 65286
65287 65360
65361 65426
65427 65490
65491 65553
65554 65603
65604 65863
65864 65904
65905 65987
65988 66101
66102 66207
66208 66916
66917 67155
67156 68037
68038 68279
68280 68665
68666 68723
68724 68762
68763 68952
68953 69054
69055 69324
69325 69750
69751 70096
70097 70154
70155 70249
70250 70343
70344 70372
70373 70917
70918 71081
71082 71232
71233 71712
71713 71799
71800 71938
71939 72084
72085 72224
72225 72418
72419 72511
72512 72538
72539 72631
72632 72704
72705 72875
72876 72911
72912 73145
73146 73478
73479 74332
74333 74478
74479 75044
75045 75233
75234 75489
75490 75656
75657 76049
76050 76135
76136 76238
76239 76594
76595 77009
77010 77247
77248 77347
77348 77794
77795 77869
77870 77987
77988 78074
78075 78151
78152 78455
78456 78642
78643 79270
79271 79345
79346 79481
79482 79664
79665 79795
79796 79839
79840 79886
79887 79932
79933 79990
79991 80102
80103 80211
80212 80474
80475 80634
80635 81067
81068 81172
81173 81712
81713 82001
82002 82043
82044 82107
82108 82179
82180 82304
82305 82353
82354 82449
82450 82527
82528 82603
82604 82660
82661 82702
82703 82842
82843 82915
82916 83021
83022 83283
83284 83442
83443 83555
83556 83656
83657 83762
83763 83884
83885 84046
84047 84105
84106 84200
84201 84370
84371 84538
84539 84638
84639 84967
84968 85166
85167 85271
85272 85441
85442 85541
85542 85768
85769 86346
86347 86808
86809 87008
87009 87041
87042 87073
87074 87109
87110 87221
87222 87475
87476 87550
87551 87752
87753 88273
88274 88423
88424 88518
88519 88678
88679 88854
88855 88921
88922 89065
89066 89191
89192 89399
89400 89600
89601 89778
89779 90462
90463 90583
90584 90918
90919 91012
91013 91620
91621 91784
91785 92640
92641 92676
92677 92775
92776 92777
92778 92818
92819 92847
92848 92865
92866 92896
92897 92959
92960 92987
92988 93033
93034 93062
93063 93087
93088 93122
93123 93148
93149 93170
93171 93194
93195 93212
93213 93243
93244 93299
93300 93344
93345 93394
93395 93415
93416 93527
93528 93544
93545 93561
93562 93584
93585 93616
93617 93630
93631 93647
93648 93671
93672 93696
93697 93714
93715 93734
93735 93752
93753 93775
93776 93789
93790 93824
93825 93846
93847 93867
93868 93883
93884 93910
93911 93997
93998 94021
94022 94041
94042 94062
94063 94087
94088 94099
94100 94122
94123 94166
94167 94188
94189 94208
94209 94224
94225 94243
94244 94263
94264 94279
94280 94297
94298 94329
94330 94343
94344 94369
94370 94390
94391 94419
94420 94438
94439 94464
94465 94493
94494 94519
94520 94544
94545 94561
94562 94606
94607 94686
94687 94703
94704 94734
94735 94752
94753 94758
94760 94777
94778 94790
94791 94803
94804 94818
94820 94833
94834 94851
94853 94921
94922 94961
94962 94987
94988 95012
95013 95086
95087 95111
95112 95141
95143 95180
95182 95209
95210 95233
95234 95277
95278 95299
95300 95326
95327 95352
95353 95407
95408 95455
95456 95495
95496 95550
95551 95659
95660 95731
95732 95777
95778 95850
95851 95969
95970 96043
96045 96227
96228 96669
96671 96743
96744 96866
96867 96894
96895 97033
97035 97211
97213 97288
97289 97399
97400 97768
97770 97922
97924 98106
98107 98442
98443 98655
98656 99365
99366 99645
99646 99730
99731 99828
99829 99926
99927 100082
100083 100767
100768 100873
100874 100993
100994 101239
101240 101540
101541 101648
101649 101828
101829 101871
101872 101916
101917 102121
102122 102219
102220 102241
102242 102480
102481 102653
102654 102854
102855 103007
103008 103207
103208 103327
103328 103609
103610 103900
103901 103968
103969 104508
104509 104892
104893 105422
105423 105476
105477 105674
105675 106029
106030 106259
106260 106441
106442 106517
106518 106943
106944 107175
107176 107276
107277 107551
107552 107740
107741 107823
107824 107954
107955 108111
108112 108380
108381 108573
108574 108827
108828 108968
108969 109105
109106 109218
109219 109520
109521 109957
109958 110596
110597 110769
110770 110954
110955 111185
111186 111426
111427 111657
111658 112279
112280 112666
112667 112835
112836 113110
113111 113657
113658 113764
113765 113880
113881 114003
114004 114066
114067 114151
114152 114257
114258 114305
114306 114437
114438 114646
114647 114864
114865 115022
115023 115295
115296 115490
115491 115965
115966 116178
116179 116388
116389 116799
116800 117611
117612 117769
117770 118246
118247 118384
118385 118536
118537 118750
118751 119062
119063 119128
119129 119198
119199 119585
119586 119764
119765 119908
119909 119981
119982 120056
120057 120348
120349 120543
120544 121171
121172 121345
121346 121756
121757 123251
123252 123379
123380 123489
123490 123593
123594 123685
123686 123761
123762 123823
123824 124017
124018 124434
124435 124627
124628 124693
124694 124763
124764 124818
124819 124881
124882 124995
124996 125114
125115 125397
125398 125410
125411 125464
125465 125529
125530 125616
125617 126016
126017 126257
126258 126330
126331 126453
126454 126703
126704 126778
126779 126848
126849 126986
126987 127067
127068 127161
127162 127207
127208 127261
127262 127311
127312 127356
127357 127411
127412 127461
127462 127511
127512 127561
127562 127661
127662 127736
127737 127985
127986 128168
128169 128427
128428 129208
129209 129243
129244 129332
129333 129443
129444 129856
129857 129964
129965 130089
130090 130416
130417 130461
130462 130895
130896 131015
131016 131308
131309 131474
131475 131541
131542 131851
131852 131974
131975 132065
132066 132143
132144 132222
132223 132941
132942 133096
133098 133157
133159 133212
133214 133277
133278 133433
133435 133569
133570 133826
133827 133931
133932 133958
133959 134013
134014 134060
134061 134123
134124 134189
134190 134266
134267 134434
134435 134576
134577 134672
134673 135046
135047 135424
135425 135441
135442 135475
135476 135520
135521 135541
135542 135560
135561 135588
135589 135609
135610 135643
135644 135731
135732 135817
135818 135902
135903 135968
135970 136459
136460 136584
136585 136601
136602 136673
136674 136773
136774 136791
136792 136816
136817 136884
136885 136929
136930 137011
137012 137058
137059 137108
137109 137142
137143 137202
137203 137239
137240 137262
137263 137295
137296 137324
137325 137351
137352 137368
137369 137868
137869 137870
137871 137957
137958 138006
138007 138130
138131 138526
138527 138792
138793 139854
139855 140477
140478 140537
140538 140656
140657 140717
140718 140791
140792 140840
140841 140947
140948 141024
141025 141609
141610 141662
141663 141739
141740 141810
141811 142053
142054 142101
142102 142142
142143 142184
142185 142420
142421 142484
142485 142543
142544 142579
142580 142637
142638 143292
143293 143423
143424 143467
143468 143528
143529 143842
143843 143884
143885 143979
143980 144063
144064 144169
144170 144210
144211 144515
144516 144582
144583 144649
144650 144692
144693 144870
144871 144946
144947 145142
145143 145621
145622 145646
145647 145689
145690 145731
145732 145987
145988 146077
146078 146240
146241 146305
146306 146408
146409 146473
146474 146921
146922 146947
146948 147349
147350 147475
147476 147915
147916 147950
147951 148004
148005 148040
148041 148433
148434 148482
148483 148549
148550 148625
148626 148700
148701 148742
148743 149017
149018 149079
149080 149387
149388 149452
149453 149483
149484 149564
149565 149876
149877 149907
149908 150318
150319 150367
150368 150402
150403 152067
152068 152115
152116 152184
152185 152245
152246 152714
152715 152795
152796 154317
154318 154354
154355 154388
154389 154949
154950 154991
154992 155064
155065 155126
155127 155200
155201 155243
155244 155362
155363 155440
155441 155755
155756 155791
155792 156180
156181 156212
156213 156251
156252 156631
156632 156676
156677 156719
156720 157450
157451 157521
157522 157781
157782 157808
157809 158332
158333 158414
158415 158484
158485 158661
158662 158730
158731 158788
158789 158843
158844 158906
158907 158981
158982 159629
159630 159713
159714 160161
160162 160184
160185 160213
160214 160834
160835 160894
160895 161346
161347 161379
161380 161434
161435 161712
161713 161746
161747 161791
161792 162467
162468 162525
162526 162613
162614 162637
162638 163020
163021 163059
163060 163110
163111 163150
163151 163384
163385 163414
163415 163439
163440 164010
164011 164052
164053 164096
164097 164168
164169 164221
164222 164511
164512 164560
164561 164895
164896 164962
164963 165048
165049 165071
165072 165488
165489 165528
165529 165558
165559 166086
166087 166219
166220 166919
166920 166948
166949 166974
166975 167476
167477 167509
167510 167535
167536 168086
168087 168136
168137 168358
168359 168396
168397 168458
168459 168753
168754 168781
168782 168807
168808 169247
169248 169305
169306 169353
169354 169413
169414 169480
169481 169573
169574 169612
169613 169691
169692 169820
169821 169881
169882 169945
169946 170041
170042 170204
170205 170253
170254 170362
170363 170747
170748 170819
170820 170896
170897 170930
170931 171047
171048 171213
171214 171282
171283 171360
171361 171396
171397 171488
171489 171562
171563 172722
172723 172774
172775 172839
172840 172937
172938 173009
173010 173081
173082 173178
173179 173280
173281 173397
173398 173497
173498 173628
173629 173683
173684 173747
173748 174207
174208 174604
174606 174746
174747 175507
175508 175596
175597 175870
175871 175919
175920 175984
175985 176035
176036 176104
176106 176273
176274 176310
176312 176375
176376 176485
176486 176585
176586 176653
176654 176722
176723 176781
176782 176907
176908 177007
177008 177085
177086 177102
177103 177227
177228 177244
177245 177344
177345 177381
177382 177494
177495 177598
177599 177698
177699 177735
177736 177848
177849 177865
177866 177899
177900 177921
177922 177986
177988 177998
177999 178034
178035 178073
178074 178136
178137 178164
178165 178181
178182 178203
178204 178221
178222 178307
178308 178392
178393 178413
178414 178427
178428 178460
178461 178482
178483 178516
178517 178559
178560 178640
178641 178666
178667 178740
178741 178757
178758 178857
178858 178894
178895 179007
179008 179024
179025 179064
179065 179091
179092 179139
179140 179216
179217 179243
179244 179267
179268 179308
179309 179379
179380 179413
179414 179441
179442 179496
179497 179526
179527 179558
179559 179603
179604 179622
179623 179636
179637 179687
179688 179774
179775 179791
179792 179879
179880 179928
179929 179993
179994 180041
180042 180043
180044 180136
180137 180152
180153 180212
180214 180245
180246 180296
180297 180373
180374 180447
180448 180487
180488 180677
180678 180735
180736 180760
180761 180794
180795 180941
180942 181008
181009 183256
183257 183425
183426 183955
183956 184676
184677 184896
184897 185020
185021 185100
185101 185156
185157 185294
185295 185528
185529 185614
185615 185816
185817 185986
185987 189625
