0 631
632 712
713 1043
1044 1158
1159 1222
1223 1293
1294 1545
1546 1671
1672 1720
1721 2649
2650 2789
2790 3010
3011 3288
3289 4164
4165 4267
4268 4656
4657 4795
4796 5488
5489 5592
5593 6099
6100 6330
6331 7142
7143 7215
7216 8364
8365 8691
8692 8857
8858 9014
9015 9979
9980 10562
10563 10731
10732 11113
11114 11846
11847 12050
12051 12181
12182 12371
12372 12444
12445 12524
12525 12606
12607 12655
12656 12851
12852 12934
12935 13323
13324 13412
13413 13602
13603 13737
13738 14629
14630 14835
14836 15653
15654 16068
16069 16375
16376 17337
17338 17705
17706 17836
17837 17941
17942 17975
17976 18032
18033 18092
18093 22687
22688 22936
22937 23170
23171 23466
23467 23839
23840 23910
23911 24239
24240 24402
24403 24511
24512 24605
24606 24696
24697 24739
24740 24805
24806 24892
24893 24978
24979 25077
25078 25165
25166 25290
25291 25667
25668 25789
25790 25959
25960 26478
26479 26958
26959 27185
27186 27631
27632 28083
28084 28133
28134 28188
28189 28312
28313 28405
28406 28658
28659 28856
28857 28966
28967 29031
29032 29148
29149 29187
29188 29309
29310 29376
29377 29529
29530 29708
29709 29797
29798 30770
30771 30938
30939 31072
31073 31359
31360 31613
31614 31979
31980 32063
32064 32128
32129 32190
32191 32220
32221 32459
32460 32544
32545 32887
32888 32987
32988 33118
33119 33529
33530 33639
33640 33900
33901 34007
34008 34298
34299 34475
34476 34636
34637 34719
34720 34968
34969 35105
35106 35240
35241 35363
35364 35413
35414 35505
35506 35617
35618 35679
35680 36721
36722 37080
37081 37699
37700 37908
37909 37963
37964 38152
38153 38229
38230 38259
38260 38713
38714 38801
38802 39314
39315 39586
39587 39937
39938 41239
41240 41441
41442 41950
41951 42217
42218 43083
43084 43195
43196 43361
43362 43697
43698 44407
44408 44552
44553 44604
44605 44682
44683 46702
46703 47665
47666 47772
47773 47994
47995 48120
48121 48186
48187 48344
48345 48516
48517 48604
48605 48643
48644 48682
48683 48754
48755 48832
48833 48994
48995 49102
49103 49294
49295 49355
49356 49534
49535 49620
49621 49851
49852 49926
49927 50007
50008 50148
50149 50245
50246 50479
50480 50845
50846 51069
51070 51280
51281 51765
51766 53397
53398 53534
53535 53724
53725 53913
53914 54253
54254 54295
54296 54500
54501 54736
54737 54795
54796 55114
55115 55379
55380 55660
55661 55784
55785 55860
55861 55903
55904 56088
56089 56169
56170 56192
56193 56327
56328 57439
57440 57565
57566 58222
58223 58559
58560 58854
58855 59239
59240 59473
59474 59683
59684 60147
60148 60670
60671 60869
60870 61014
61015 61243
61244 61383
61384 61605
61606 61849
61850 61901
61902 61989
61990 62126
62127 62255
62256 62781
62782 63357
63358 63463
63464 63952
63953 64132
64133 64239
64240 64364
64365 64560
64561 65193
65194 65286
65287 65438
65439 65556
65557 65589
65590 65608
65609 65669
65670 65887
65888 65956
65957 66013
66014 66095
66096 66125
66126 66189
66190 66264
66265 66441
66442 66516
66517 66592
66593 66663
66664 66747
66748 66822
66823 67100
67101 67141
67142 67225
67226 67354
67355 67530
67531 68064
68065 68110
68111 68429
68430 68540
68541 68926
68927 68990
68991 69217
69218 69619
69620 69688
69689 69852
69853 69968
69969 70076
70077 70142
70143 70484
70485 70793
70794 71039
71040 71238
71239 71394
71395 71542
71543 71638
71639 74617
74618 74723
74725 74836
74837 75121
75123 75158
75159 75257
75258 75289
75290 75312
75313 75324
75325 75336
75337 75346
75347 75369
75370 75380
75381 75395
75396 75418
75419 75432
75433 75442
75443 75465
75466 75482
75483 75510
75511 75529
75530 75541
75542 75551
75552 75563
75564 75598
75599 75621
75622 75719
75720 75760
75761 76028
76029 76083
76084 76111
76112 76159
76160 76264
76265 76414
76415 76521
76522 76774
76775 77467
77468 78229
78230 79085
79086 80375
80376 80779
80780 81131
81132 81304
81305 81371
81372 81450
81451 81578
81579 82685
82686 83056
83057 83581
83582 84085
84086 84160
84161 84740
84741 84787
84788 84835
84836 85460
85461 85876
85877 86084
86085 86175
86176 86700
86701 87046
87047 87399
87400 88888
88889 90009
90010 90164
90165 90614
90615 91622
91623 91846
91847 92180
92181 92502
92503 93508
93509 93746
93747 94027
94028 94142
94143 94250
94251 94535
94536 94691
94692 94929
94930 95182
95183 95418
95419 95501
95502 95562
95563 95687
95688 96452
96453 96545
96546 96661
96662 97211
97212 97510
97511 97964
97965 98347
98348 99012
99013 99151
99152 99326
99327 99943
99944 100331
100332 101036
101037 101313
101314 102275
102276 102468
102469 103032
103033 103342
103343 103529
103530 103606
103607 104088
104089 104187
104188 104678
104679 104945
104946 105589
105590 105986
105987 106141
106142 106799
106800 107090
107091 107424
107425 107517
107518 107778
107779 108706
108707 108983
108984 109441
109442 110107
110108 110733
110734 111061
111062 111265
111266 113021
113022 113604
113605 114108
114109 114687
114688 115895
115896 117295
117296 118580
118581 119919
119920 120421
120422 120799
120800 120853
120854 120944
120945 121040
121041 121125
121126 121177
121178 121264
121265 121358
121359 121447
121448 121542
121543 121631
121632 121715
121716 121966
121967 122119
122120 122210
122211 122242
122243 122265
122266 122277
122278 122289
122290 122299
122300 122322
122323 122333
122334 122348
122349 122371
122372 122385
122386 122395
122396 122418
122419 122435
122436 122463
122464 122483
122484 122495
122496 122505
122506 122517
122518 122552
122553 122575
122576 122673
122674 122714
122715 122982
122983 123037
123038 123065
123066 123113
123114 123218
123219 123368
123369 123475
123476 123728
123729 124421
124422 125183
125184 126039
126040 127329
127330 127733
127734 128085
128086 128258
128259 128325
128326 128404
128405 128532
128533 129639
129640 130010
130011 130535
130536 131039
131040 131114
131115 131694
131695 131741
131742 131789
131790 132414
132415 132830
132831 133038
133039 133129
133130 133654
133655 134000
134001 134353
134354 135842
135843 136963
136964 137118
137119 137568
137569 138576
138577 138800
138801 139134
139135 139456
139457 140462
140463 140700
140701 140981
140982 141096
141097 141204
141205 141489
141490 141645
141646 141883
141884 142136
142137 142372
142373 142455
142456 142516
142517 142641
142642 143406
143407 143499
143500 143615
143616 144165
144166 144464
144465 144918
144919 145301
145302 145966
145967 146105
146106 146280
146281 146898
146899 147285
147286 147990
147991 148267
148268 149229
149230 149422
149423 149986
149987 150296
150297 150483
150484 150560
150561 151041
151042 151140
151141 151631
151632 151898
151899 152542
152543 152939
152940 153094
153095 153752
153753 154043
154044 154377
154378 154470
154471 155659
155660 155936
155937 156394
156395 157060
157061 157686
157687 158014
158015 158218
158219 159975
159976 160558
160559 161062
161063 161641
161642 162849
162850 164249
164250 165534
165535 166873
166874 167375
167376 167753
167754 167807
167808 167898
167899 167994
167995 168079
168080 168131
168132 168218
168219 168312
168313 168401
168402 168496
168497 168585
168586 168669
168670 168920
168921 169073
169074 169164
169165 169219
169220 169231
169232 169243
169244 169253
169254 169276
169277 169287
169288 169302
169303 169325
169326 169339
169340 169349
169350 169372
169373 169389
169390 169417
169418 169437
169438 169449
169450 169459
169460 169471
169472 169506
169507 169529
169530 169627
169628 169668
169669 169936
169937 169991
169992 170019
170020 170067
170068 170172
170173 170322
170323 170429
170430 170682
170683 171375
171376 172137
172138 172993
172994 174283
174284 174687
174688 175039
175040 175212
175213 175279
175280 175358
175359 175486
175487 176593
176594 176964
176965 177489
177490 177993
177994 178068
178069 178648
178649 178695
178696 178743
178744 179368
179369 179784
179785 179992
179993 180083
180084 180608
180609 180954
180955 181307
181308 182795
182796 183916
183917 184071
184072 184521
184522 185529
185530 185753
185754 186087
186088 186409
186410 187415
187416 187653
187654 187935
187936 189785
