0 83
84 608
609 954
955 1307
1308 2796
2797 3917
3918 4072
4073 4522
4523 5530
5531 5754
5755 6088
6089 6410
6411 7416
7417 7654
7655 7935
7936 8050
8051 8158
8159 8443
8444 8599
8600 8837
8838 9090
9091 9326
9327 9409
9410 9470
9471 9595
9596 10360
10361 10453
10454 10569
10570 11119
11120 11418
11419 11872
11873 12255
12256 12919
12920 13058
13059 13233
13234 13850
13851 14238
14239 14943
14944 15220
15221 16182
16183 16375
16376 16939
16940 17249
17250 17436
17437 17513
17514 17994
17995 18093
18094 18584
18585 18851
18852 19495
19496 19892
19893 20047
20048 20705
20706 20996
20997 21330
21331 21423
21424 22612
22613 22889
22890 23347
23348 24013
24014 24639
24640 24967
24968 25171
25172 26928
26929 27511
27512 28015
28016 28594
28595 29802
29803 31202
31203 32487
32488 33826
33827 34328
34329 34706
34707 34760
34761 34851
34852 34947
34948 35032
35033 35084
35085 35171
35172 35265
35266 35354
35355 35449
35450 35538
35539 35622
35623 35873
35874 35890
35891 37077
37078 47286
47287 48143
48144 48209
48210 59942
59943 64533
