0 42
43 122
123 239
240 421
422 804
805 1080
1081 1192
1193 1413
1414 1734
1735 2120
2121 2335
2336 2500
2501 2964
2965 3212
3213 3292
3293 3548
3549 3675
3676 3841
3842 4293
4294 5167
5168 5345
5346 5694
5695 5791
5792 5943
5944 6751
6752 7013
7014 7448
7449 7636
7637 7771
7772 7834
7835 7909
7910 8606
8607 9177
9178 9315
9316 9367
9368 9406
9407 9567
9568 9790
9791 10725
10726 10780
10781 11397
11398 11471
11472 11804
11805 11946
11947 12042
12043 12123
12124 12223
12224 12318
12319 12416
12417 12880
12881 12916
12917 12940
12941 12973
12974 13005
13006 13044
13045 13128
13130 13187
13188 13309
13310 13615
13616 13864
13865 14008
14009 14149
14150 14399
14400 14482
14483 14550
14551 14657
14658 14761
14762 14869
14870 14973
14974 15035
15036 15087
15088 15183
15184 15790
15791 15909
15910 15979
15980 16054
16055 16113
16114 16264
16265 16325
16326 16528
16529 17005
17006 17129
17130 17584
17585 17690
17691 17760
17761 18286
18288 18534
18535 18676
18677 19289
19290 19456
19457 19740
19741 19862
19863 20138
20139 20307
20308 20513
20514 20867
20868 22217
22218 22464
22465 22592
22593 22681
22682 22898
22899 25464
25465 26276
26277 26458
26459 26546
26547 26570
26571 26629
26631 26724
26725 26776
26777 26851
26852 26926
26927 27104
27105 27130
27131 27171
27172 27221
27222 27406
27407 27480
27481 27904
27905 28051
28052 28364
28365 28390
28391 28430
28432 28528
28530 28578
28579 28628
28629 28666
28667 28707
28708 28738
28739 28757
28758 28792
28793 28840
28841 28867
28868 28919
28920 28951
28952 28981
28982 29009
29010 29035
29036 29079
29080 29102
29103 29128
29129 29147
29148 29194
29195 29242
29243 29302
29303 29344
29345 29563
29564 29628
29629 29675
29676 29721
29722 29758
29759 29789
29790 29820
29821 29865
29866 29909
29910 29944
29945 29980
29981 30011
30012 30104
30105 30141
30142 30171
30174 30187
30189 30270
30271 30605
30606 30770
30771 30794
30795 31002
31003 31325
31326 31537
31538 31542
31543 31636
31637 31639
31640 31814
31815 31855
31856 31890
31891 32047
32048 32077
32078 32174
32175 32200
32201 32226
32227 32246
32247 32333
32335 32389
32390 32406
32407 32438
32439 32466
32467 32512
32513 32578
32579 32604
32605 32644
32645 32737
32738 32799
32800 32831
32832 32858
32859 32881
32882 32925
32926 33026
33027 33081
33082 33156
33157 33173
33174 33230
33232 33376
33377 33390
33391 33630
33631 33650
33652 33840
33841 33917
33918 33940
33941 34457
34458 34747
34748 34824
34825 34932
34933 35145
35146 35207
35208 35209
35210 35726
35727 36587
36588 36666
36667 36840
36841 37091
37092 37359
37360 37745
37746 37852
37853 38105
38106 38798
38799 41706
41707 42110
42111 42462
42463 42702
42703 42781
42782 44016
44017 44912
44913 45416
45417 45491
45492 46071
46072 46118
46119 46166
46167 46791
46792 47207
47208 47415
47416 48031
48032 48730
48731 51340
51341 51945
51946 53177
53178 53511
53512 53833
53834 55358
55359 56022
56023 56749
56750 56832
56833 57783
57784 57876
57877 57992
57993 58841
58842 59678
59679 60342
60343 60656
60657 61661
61662 62366
62367 62508
62510 62643
62644 63605
63606 63798
63799 64363
64364 64672
64673 64859
64860 64936
64937 65417
65418 66007
66008 66918
66919 67315
67316 67470
67472 68128
68129 68419
68420 68753
68754 70035
70036 70770
70771 71436
71437 72062
72063 72390
72391 72594
72595 74351
74352 74934
74935 75438
75439 76017
76018 77225
77226 78625
78626 79910
79911 81249
81250 81751
81752 82129
82130 82689
82690 82778
82779 82873
82874 83046
83048 83258
83259 83496
83497 83571
83572 83624
83625 83684
83685 83764
83765 83805
83806 83858
83859 83914
83915 83958
83959 84000
84001 84039
84040 84085
84086 84252
84253 84315
84316 84415
84416 84417
84418 84619
84620 84684
84685 84934
84935 84951
84952 85052
85053 85326
85327 85343
85344 85593
85594 86359
86360 86464
86465 86528
86529 86545
86546 86566
86567 86585
86586 86604
86606 86824
86825 86964
86965 86981
86982 87260
87261 87347
87348 87397
87398 87508
87509 87593
87594 87678
87679 87785
87786 87981
87982 87999
88000 88051
88052 88070
88071 88168
88169 88319
88321 88499
88500 88501
88502 88636
88637 88927
88928 89064
89065 89203
89204 89295
89296 89313
89314 89699
89700 90668
90669 91027
91028 91186
91187 91302
91303 91309
91310 91347
91348 91353
91354 91376
91377 91638
91639 91775
91776 91837
91838 91901
91902 92128
92129 92380
92381 92663
92664 93514
93515 94270
94271 95137
95138 95197
95198 95286
95287 95405
95406 95454
95455 95505
95506 95558
95559 95652
95653 95788
95789 95866
95867 96187
96188 96410
96411 96780
96781 96937
96938 97000
97001 97075
97076 97326
97327 97753
97754 97881
97882 97981
97982 98067
98068 98144
98145 98351
98352 98428
98429 99482
99483 99782
99783 100422
100423 101276
101277 101337
101338 101487
101488 102316
102317 102615
102616 103519
103520 104144
104145 104266
104267 104359
104360 104413
104414 104513
104514 105090
105091 105416
105417 106411
106412 106556
106557 107048
107049 107236
107237 107792
107793 107914
107915 108021
108022 108221
108222 108463
108464 110823
110824 111607
111608 112161
112162 112455
112456 112733
112734 113319
113320 113468
113469 113725
113726 113863
113864 114307
114308 116781
116782 117735
117736 117898
117899 118046
118047 118306
118307 119331
119332 119739
119740 119891
119892 120002
120003 120374
120375 121407
121408 122357
122358 122739
122740 125049
125050 125322
125323 125382
125383 125562
125563 125655
125656 125737
125738 125803
125804 125944
125945 126087
126088 126320
126321 126551
126552 128496
128497 131665
131666 132377
132379 132594
132595 132691
132692 132867
132869 133219
133220 133269
133270 133443
133444 133460
133461 133499
133500 133538
133539 133555
133556 133634
133635 133686
133687 133714
133716 133827
133828 133849
133850 133887
133888 134023
134024 134210
134211 134374
134375 134553
134554 135040
135041 135080
135081 135178
135179 135227
135228 135244
135245 135294
135295 135581
135582 135688
135689 135732
135735 135909
135911 136016
136017 136119
136120 136136
136137 136229
136230 136328
136329 136488
136489 136519
136520 136612
136613 136649
136650 136695
136696 136761
136762 136763
136764 136845
136846 136895
136896 137018
137019 137294
137295 137421
137422 137539
137540 137600
137602 137955
137956 138160
138162 139559
139560 139728
139729 140390
140391 141514
141515 141747
141748 142730
142731 142988
142989 144160
144161 144190
144191 144422
144423 144452
144453 144631
144632 144880
144881 145847
145848 147168
147169 148457
148458 153795
153796 155654
155655 156312
156313 156828
156829 157948
157949 158223
158224 158797
158798 159017
159018 160510
160511 161190
161191 163718
163719 164400
164401 165719
165720 165981
165982 166484
166485 166870
166871 167530
167531 167866
167867 168376
168377 168736
168737 169322
169323 169464
169465 169933
169934 170132
170133 170668
170669 171142
171143 171384
171385 171600
171601 171952
171953 172218
172219 172624
172625 172759
172760 173652
173653 173919
173920 173996
173997 174343
174344 174624
174625 175483
175484 176079
176080 176894
176895 177072
177073 177367
177368 177740
177741 178002
178003 178312
178313 178447
178448 178776
178777 178985
178986 179216
179217 179380
179381 179585
179586 179823
179824 180073
180074 180273
180274 181096
181097 181822
181823 182460
182461 182629
182630 182819
182820 183032
183033 183149
183150 183663
183664 183803
183804 184085
184086 185219
185220 185477
185478 185708
185709 187503
187504 189635
