0 167
168 990
991 1716
1717 1878
1879 2354
2355 2523
2524 2713
2714 2926
2927 3043
3044 3152
3153 3557
3558 3697
3698 3979
3980 4599
4600 4832
4833 5112
5113 5370
5371 5601
5602 6049
6050 6955
6956 7368
7369 7550
7551 7758
7759 7915
7916 8049
8050 8301
8302 8607
8608 8866
8867 9233
9234 9588
9589 9850
9851 11600
11601 12428
12429 12822
12823 13187
13188 13405
13406 13595
13596 13784
13785 14317
14318 14502
14503 14732
14733 15697
15698 16095
16096 16178
16179 16275
16276 16318
16319 16567
16568 16880
16881 17539
17540 17644
17645 17849
17850 17956
17957 18037
18038 18276
18277 18491
18492 20290
20291 20475
20476 20625
20626 20769
20770 20906
20907 21056
21057 21240
21241 21513
21514 22920
22921 23628
23629 24534
24535 25119
25120 25549
25550 26256
26257 27448
27449 28042
28043 29185
29186 29438
29439 29573
29574 29858
29859 30143
30144 30444
30445 32591
32593 33177
33178 33247
33248 33278
33279 33309
33310 33340
33341 33403
33404 33433
33434 33464
33465 33548
33549 33744
33745 34067
34068 34275
34277 34421
34422 34614
34615 34721
34722 34861
34862 35220
35221 35595
35596 36052
36053 36221
36222 36304
36306 36328
36329 36727
36728 36827
36828 36829
36830 36903
36904 37267
37268 37329
37330 37346
37347 37396
37397 37432
37433 37470
37471 37508
37509 37545
37546 37571
37572 37597
37598 37631
37632 37683
37684 37719
37720 37741
37742 37790
37791 38011
38013 38015
38016 38055
38056 38089
38090 38118
38119 38143
38144 38221
38222 38238
38239 38333
38334 38351
38352 38375
38376 38395
38397 38435
38436 38445
38446 38461
38462 38471
38472 38515
38516 38534
38535 38549
38550 38626
38627 38642
38643 38668
38669 38688
38689 38701
38702 38716
38717 38729
38730 38734
38735 38773
38774 38842
38843 38860
38861 38883
38884 38908
38909 38940
38941 38971
38972 38991
38994 39115
39116 39192
39193 39380
39381 39568
39569 39632
39633 39714
39715 39757
39758 39781
39783 39874
39875 40011
40012 40055
40056 40220
40224 40611
40612 40656
40657 40724
40725 41363
41364 41531
41532 41670
41671 41895
41896 42684
42685 42728
42729 42818
42819 43073
43075 43098
43100 43224
43225 43717
43718 43799
43800 43982
43983 44015
44016 44533
44534 44626
44627 44819
44820 44925
44926 45211
45212 45271
45272 45379
45380 45483
45484 45556
45557 45854
45855 45956
45957 46254
46255 46316
46317 46509
46510 46596
46597 47009
47010 47071
47072 47543
47544 47671
47672 48003
48004 48030
48031 48293
48294 48414
48415 48885
48886 49040
49041 49111
49112 49180
49181 49231
49232 49547
49548 49658
49659 49909
49910 49963
49964 50073
50074 50175
50176 50307
50308 50565
50566 50656
50657 51042
51043 51160
51161 51215
51216 51315
51316 51737
51738 51800
51801 51891
51892 51998
51999 52143
52144 52224
52225 52279
52280 52457
52458 52548
52549 53028
53029 53073
53074 53188
53189 53667
53668 53697
53698 54171
54172 54237
54238 54312
54313 54676
54677 54763
54764 55112
55113 55200
55201 55397
55398 55496
55497 55617
55618 55680
55681 55909
55910 55971
55972 56096
56097 56337
56338 56393
56394 56700
56701 56772
56773 56811
56812 57400
57401 57489
57490 57555
57556 57624
57625 57920
57921 58006
58007 58353
58354 58395
58396 58594
58595 58652
58653 58913
58914 58987
58988 59185
59186 59235
59236 59436
59437 59516
59517 59715
59716 59807
59808 60041
60042 60110
60111 60188
60189 60326
60327 60466
60467 60545
60546 60630
60631 60813
60814 61281
61282 61393
61394 62141
62142 62193
62194 62243
62244 62695
62696 62747
62748 62843
62844 62948
62949 63234
63235 63325
63326 63656
63657 63744
63745 63837
63838 63934
63935 64237
64238 64321
64322 64652
64653 64720
64721 65377
65378 65460
65461 65629
65630 65686
65687 65862
65863 66041
66042 66428
66429 66570
66571 66784
66785 66830
66831 67328
67329 67624
67625 67725
67726 67833
67834 67976
67977 68394
68395 68448
68449 68681
68682 68794
68795 69225
69226 69288
69289 69384
69385 69411
69412 69740
69741 69814
69815 69903
69904 70094
70095 70220
70221 71367
71368 71467
71468 71536
71537 71671
71672 71833
71834 72149
72150 72313
72314 72355
72356 72416
72417 72460
72461 72647
72648 72723
72724 73414
73415 73507
73508 73569
73570 73769
73770 74557
74558 74657
74658 75252
75253 75568
75569 75640
75641 75671
75672 76192
76193 76240
76241 76280
76281 76329
76330 76432
76433 76498
76499 76560
76561 76781
76783 76918
76919 77066
77067 77097
77098 77145
77146 77262
77263 77321
77322 77490
77492 77700
77701 77760
77761 77806
77807 77861
77862 77883
77884 77897
77898 77949
77950 77979
77980 78051
78052 78098
78099 78139
78140 78218
78219 78261
78262 78294
78295 78310
78311 78459
78460 78589
78591 79301
79303 79522
79523 79702
79703 81189
81190 81627
81628 81970
81971 82563
82564 83180
83181 83734
83735 85301
85302 85452
85453 85516
85517 85699
85700 86356
86357 86552
86553 86817
86818 87402
87403 87566
87567 87765
87766 88042
88043 88344
88345 88451
88452 88591
88592 89930
89931 90034
90035 90211
90212 90427
90428 90461
90462 90481
90482 91145
91146 91652
91653 92636
92637 93889
93890 94638
94639 94902
94903 95116
95117 95690
95691 96277
96278 96683
96684 97421
97422 97603
97604 97915
97916 98302
98303 98459
98460 98652
98653 98769
98770 98881
98882 99241
99242 99301
99302 99351
99352 99620
99621 99959
99960 100158
100159 100289
100290 100509
100510 100779
100780 100911
100912 101118
101119 101249
101250 101319
101320 101556
101557 103068
103069 103304
103305 104011
104012 104227
104228 105012
105013 105153
105154 105281
105282 105399
105400 105832
105833 106081
106082 106163
106164 106370
106371 106576
106577 106779
106780 106961
106962 107457
107458 107770
107771 107907
107908 108437
108438 108504
108505 108974
108975 109038
109039 109200
109201 109348
109349 109683
109684 110124
110125 110711
110712 110790
110791 111012
111013 111289
111290 111500
111501 111761
111762 111864
111865 112013
112014 112440
112441 112539
112540 112657
112658 112749
112750 113079
113080 113209
113210 113354
113355 113691
113692 113801
113802 114094
114095 114387
114388 114621
114622 114818
114819 114896
114897 115159
115160 115284
115285 115441
115442 115562
115563 115732
115733 116338
116339 116518
116519 116875
116876 116950
116951 117109
117110 117345
117346 117408
117409 117522
117523 117712
117713 117783
117784 117878
117879 118055
118056 118151
118152 118241
118242 118313
118314 118419
118420 118540
118541 118584
118585 118670
118671 118790
118791 118910
118911 119032
119033 119154
119155 119210
119211 119270
119271 119425
119426 119542
119543 119697
119698 119787
119788 119960
119961 120052
120053 120185
120186 121399
121400 121463
121464 121542
121543 121582
121583 121920
121921 122120
122121 122280
122281 122380
122381 122514
122515 122614
122615 122707
122708 122746
122747 122822
122823 122900
122901 122942
122943 123017
123018 123085
123086 123141
123142 123209
123210 123278
123279 123397
123398 123554
123555 123771
123772 124236
124237 124633
124634 125007
125008 125324
125325 125408
125409 125581
125582 125994
125995 126141
126142 126222
126223 126273
126274 126400
126401 126449
126450 126705
126706 126782
126783 127078
127079 127201
127202 127402
127403 127498
127499 127536
127537 127590
127591 127693
127694 128213
128214 128438
128439 129551
129552 129654
129655 129733
129734 129778
129779 130170
130171 130287
130288 130574
130575 131114
131115 132869
132870 133746
133747 133888
133889 134442
134443 134894
134895 135066
135067 135093
135094 135123
135124 135174
135175 135258
135259 135404
135405 135524
135525 135696
135697 136203
136204 136220
136221 136520
136521 136743
136744 137085
137086 137328
137329 137424
137425 137561
137562 137828
137829 138045
138046 138142
138143 138237
138238 138293
138294 138327
138328 138390
138391 138495
138496 138630
138631 138744
138745 138880
138881 139092
139093 139595
139596 140075
140076 140493
140494 140652
140653 140764
140765 140885
140886 141130
141131 141277
141278 141548
141549 141856
141857 142996
142997 143236
143237 143443
143444 143697
143698 144025
144026 144164
144165 144211
144212 144282
144283 144363
144364 144433
144434 144735
144736 144800
144801 145212
145213 145359
145360 145415
145416 145449
145450 145618
145619 145676
145677 145925
145926 146049
146050 146243
146244 146296
146297 146344
146345 146579
146580 146691
146692 146899
146900 146932
146933 147020
147021 147120
147121 147265
147266 147333
147334 147550
147551 148033
148034 148559
148560 148773
148774 148858
148859 149229
149230 149420
149421 149575
149576 150405
150406 150555
150556 150686
150687 150812
150813 150925
150926 151169
151170 151234
151235 151321
151322 151483
151484 151585
151586 152398
152399 152448
152449 152476
152477 152516
152517 152657
152658 152720
152721 152888
152889 152950
152951 153026
153027 153174
153175 153266
153267 153310
153311 153552
153553 153622
153623 153744
153745 153817
153818 153907
153908 153930
153931 153960
153961 154013
154014 154076
154077 154124
154125 154148
154149 154165
154166 154199
154200 154268
154269 154324
154325 154487
154488 154526
154527 154836
154837 154932
154933 154975
154976 155068
155069 155100
155101 155153
155154 155204
155205 155262
155263 155308
155309 155377
155378 155686
155687 155724
155725 155960
155961 156036
156037 156117
156118 156448
156449 156563
156564 156627
156628 156698
156699 156950
156951 157076
157077 157125
157126 158055
158056 158195
158196 158416
158417 158694
158695 159570
159571 159673
159674 160062
160063 160894
160895 160998
160999 161505
161506 161736
161737 162548
162549 162621
162622 163770
163771 164097
164098 164263
164264 164420
164421 165385
165386 165968
165969 166137
166138 166519
166520 167252
167253 167456
167457 167587
167588 167777
167778 167850
167851 167930
167931 168012
168013 168061
168062 168257
168258 168340
168341 168729
168730 168818
168819 169008
169009 169143
169144 170035
170036 170241
170242 171059
171060 171474
171475 171781
171782 172743
172744 173111
173112 173242
173243 173347
173348 173381
173382 173438
173439 173498
173499 178093
178094 178342
178343 178576
178577 179245
179246 179316
179317 179645
179646 179808
179809 179917
179918 180011
180012 180102
180103 180145
180146 180211
180212 180298
180299 180384
180385 180483
180484 180571
180572 180696
180697 181073
181074 181195
181196 181365
181366 181884
181885 182364
182365 182591
182592 183489
183490 183539
183540 183594
183595 183718
183719 183810
183811 184261
184262 184371
184372 184436
184437 184553
184554 184592
184593 184714
184715 184781
184782 184934
184935 185113
185114 185202
185203 186175
186176 186343
186344 186477
186478 186713
186714 189589
