0 41
42 1227
1228 1492
1494 4222
4223 4416
4417 4519
4520 5278
5279 5545
5546 6675
6676 6893
6894 7183
7184 7331
7332 7778
7779 7855
7856 9521
9522 9613
9614 9808
9809 9892
9893 10108
10109 10730
10731 11052
11053 11315
11316 11321
11322 11351
11352 11408
11409 11796
11797 12451
12452 12586
12587 12722
12723 12888
12889 13218
13219 13436
13437 13525
13526 13683
13684 13828
13829 13950
13951 14083
14084 15670
15671 15706
15707 15898
15899 16304
16305 16793
16794 17012
17013 17110
17111 17181
17182 17250
17251 17312
17313 17412
17413 17508
17509 18484
18485 18787
18788 18806
18807 18839
18840 18856
18857 18906
18907 18939
18940 18973
18974 19028
19029 19074
19075 19091
19092 19124
19125 19134
19135 19141
19142 19186
19187 19239
19240 19282
19283 19323
19324 19331
19332 19344
19345 19372
19373 19456
19457 19478
19479 19484
19485 19490
19491 19734
19735 19855
19856 19912
19914 20256
20257 20408
20409 20420
20421 20427
20428 20454
20455 20491
20492 20516
20517 20561
20562 20602
20603 20627
20628 20635
20636 20643
20644 20651
20652 20658
20659 20678
20679 20704
20705 20733
20734 20787
20788 20839
20840 20871
20872 20899
20900 20953
20954 21148
21149 21390
21391 21444
21445 21542
21543 21591
21592 21638
21639 21697
21698 21726
21727 21765
21766 21857
21858 21977
21978 22067
22068 22176
22177 22268
22269 22344
22345 22425
22426 22569
22570 22620
22621 22660
22661 22853
22854 22887
22888 23079
23080 23129
23130 23208
23209 23277
23278 23313
23314 23347
23348 23371
23372 23410
23411 23544
23545 23567
23568 23585
23586 23830
23831 23925
23926 23960
23961 23977
23978 23998
23999 24050
24051 24061
24062 24084
24085 24191
24192 24311
24312 24329
24330 24356
24357 24390
24391 24427
24428 24449
24450 24466
24467 24480
24481 24517
24518 24552
24553 24691
24692 24795
24796 25250
25251 25335
25336 25491
25492 25701
25702 25773
25774 26218
26219 26234
26235 26593
26594 26668
26669 27038
27039 27072
27073 27971
27972 27974
27975 28158
28159 28208
28209 28363
28364 28403
28404 28898
28899 28926
28927 29007
29008 29085
29086 29201
29202 29237
29238 29478
29479 29541
29542 29978
29979 30038
30039 30262
30263 30292
30293 30509
30510 30734
30735 30834
30835 30896
30897 31252
31253 31302
31303 31340
31341 31395
31396 31468
31469 31502
31503 31522
31523 31622
31623 31685
31686 31821
31822 31937
31938 32013
32014 32339
32340 32410
32411 32661
32662 32712
32713 32838
32839 32917
32919 33264
33266 33752
33753 34306
34307 34386
34387 35339
35340 35547
35548 36089
36090 36212
36213 36323
36324 36735
36736 36823
36824 37708
37709 38349
38350 38411
38412 38460
38461 38521
38522 38660
38661 38718
38719 38925
38926 39206
39207 39306
39307 39542
39543 39606
39607 39698
39699 39845
39846 39955
39956 40053
40054 40208
40209 40388
40389 40431
40432 40825
40826 41347
41348 41521
41522 41572
41573 41622
41623 41935
41936 42464
42465 42525
42526 42583
42584 42670
42671 42718
42719 42775
42776 42811
42812 42932
42933 42993
42994 43108
43109 43164
43165 43237
43238 43278
43279 43394
43395 44528
44529 44592
44593 45455
45456 45620
45621 46208
46209 46275
46276 46576
46577 46636
46637 46806
46807 47152
47153 47190
47191 47629
47630 47670
47671 48646
48647 48692
48693 48866
48867 48914
48915 49210
49211 49321
49322 49619
49620 49690
49691 49898
49899 50188
50189 50239
50240 50682
50683 50740
50741 51113
51114 51185
51186 51474
51475 51511
51512 52266
52267 52289
52290 52313
52314 52344
52345 52499
52500 52534
52535 52575
52576 53053
53054 53242
53243 53426
53427 53486
53487 53590
53591 53633
53634 53714
53715 53789
53790 53862
53863 54433
54434 54595
54596 54652
54653 54712
54713 54765
54766 54813
54814 54837
54838 55547
55548 55664
55665 56132
56133 56521
56522 56761
56763 59066
59068 59632
59634 64162
64164 64502
64504 65906
65907 66736
66737 66880
66881 66987
66988 67031
67032 67148
67149 67553
67554 67570
67571 67630
67631 67731
67732 67764
67765 67813
67814 67952
67953 68108
68109 68233
68234 68540
68542 68733
68734 68849
68850 68992
68993 69160
69161 69186
69187 69267
69268 69419
69420 69449
69451 69664
69666 69692
69694 70036
70038 70124
70126 70526
70527 71292
71293 71875
71876 72641
72642 72716
72717 72797
72798 72872
72873 72950
72951 73362
73363 73463
73464 73543
73544 73742
73743 73821
73822 73959
73960 74201
74202 74293
74294 74365
74366 74419
74420 74462
74463 74593
74594 74755
74756 74892
74893 75068
75069 75173
75174 75275
75276 75694
75695 75885
75886 75998
75999 76112
76113 76180
76181 76303
76304 76435
76436 76514
76515 76572
76573 76633
76634 76729
76730 77324
77325 77458
77459 77609
77610 77983
77984 78123
78124 78255
78256 78355
78356 78498
78499 78545
78546 78836
78837 78946
78947 79105
79106 79431
79432 79486
79487 79557
79558 79849
79850 79905
79906 80113
80114 80262
80263 80605
80606 80687
80688 80793
80794 81155
81156 81395
81396 81645
81646 81746
81747 81847
81848 82135
82136 82209
82210 82260
82261 82440
82441 83853
83854 83969
83970 84091
84092 84243
84244 84454
84455 84610
84611 85336
85337 85618
85619 85678
85679 85746
85747 85817
85818 85907
85908 86068
86070 86138
86139 86214
86215 86280
86281 86339
86340 86403
86404 86496
86497 86726
86727 86911
86912 86977
86978 87453
87454 87535
87536 87926
87927 87974
87975 88185
88186 88272
88273 88470
88471 88540
88541 88699
88700 89043
89044 89588
89589 89658
89659 90212
90213 90462
90463 90661
90662 90777
90778 90975
90976 91070
91071 91651
91652 91743
91744 91809
91810 91838
91839 91932
91933 92192
92193 92332
92333 92445
92446 92578
92579 92932
92933 93060
93061 93395
93396 93463
93464 93574
93575 93624
93625 94043
94044 94111
94112 94188
94189 94423
94424 94539
94541 94795
94796 95009
95010 95076
95077 95254
95255 95321
95322 95653
95654 95711
95712 95781
95782 96086
96087 96168
96169 96268
96269 96445
96446 96591
96592 96738
96739 97104
97105 97344
97345 97472
97473 98189
98190 98357
98358 98667
98668 98736
98737 98851
98852 98923
98924 99014
99015 99092
99094 99385
99386 99472
99473 99751
99752 100036
100037 100189
100190 100278
100279 100519
100520 100608
100609 100689
100690 100799
100800 100978
100979 101357
101358 101450
101451 101700
101701 101935
101936 102022
102023 102065
102066 102352
102353 102555
102556 102731
102732 102838
102839 103282
103283 103686
103687 103776
103777 103968
103969 104305
104306 104407
104408 104511
104512 104583
104584 104674
104675 104873
104874 105002
105003 105095
105096 105161
105162 105239
105240 105373
105374 105718
105719 105772
105773 106039
106040 106082
106083 106130
106131 106188
106189 106245
106246 107134
107135 107375
107376 107473
107474 107974
107975 108314
108315 108413
108414 108415
108416 108529
108530 108610
108611 108667
108668 108709
108710 108891
108892 108918
108919 109040
109041 109057
109058 109173
109174 109214
109215 109259
109260 109277
109278 109309
109310 109335
109336 109361
109362 109389
109390 109475
109476 109525
109526 109548
109549 109580
109581 109629
109630 109670
109671 109728
109729 109807
109808 109824
109825 109913
109914 109941
109942 109988
109989 110037
110038 110172
110173 110250
110251 110264
110265 110281
110282 110288
110289 110324
110325 110341
110342 110352
110353 110378
110379 110412
110413 110461
110462 110494
110495 110539
110540 110577
110578 110598
110599 110621
110622 110668
110669 110690
110691 110709
110710 110730
110731 110752
110753 110768
110769 110831
110832 111091
111092 111109
111110 111234
111235 111250
111251 111278
111279 111308
111309 111376
111378 111446
111447 111488
111489 111555
111556 111608
111610 111668
111669 111730
111732 111804
111806 112000
112001 112017
112018 112175
112176 112229
112230 112266
112267 112285
112286 112308
112309 112334
112335 112379
112380 112427
112428 112517
112518 112534
112535 113409
113410 113426
113427 113465
113466 113500
113501 113518
113519 113585
113586 113625
113626 113661
113662 113691
113692 113706
113707 113708
113709 113750
113751 113791
113792 113871
113872 113976
113977 114016
114017 114049
114050 114073
114074 114176
114177 114452
114454 114710
114711 114749
114750 114788
114789 114805
114806 114884
114885 114936
114937 114964
114965 115077
115078 115099
115100 115137
115138 115159
115160 115183
115184 115207
115208 115243
115244 115273
115274 115354
115355 115388
115389 115424
115425 115460
115461 115462
115463 115559
115560 115658
115659 115729
115730 115798
115799 115860
115861 115960
115961 116056
116057 116133
116134 116513
116515 116623
116625 116981
116982 117079
117080 117907
117908 118269
118270 118481
118482 118627
118628 118935
118936 119073
119074 119414
119415 119516
119517 119592
119593 119656
119657 119703
119704 119786
119787 119849
119850 119946
119947 120031
120032 120309
120311 120413
120414 121736
121738 122293
122294 122526
122527 122881
122882 124008
124009 124534
124535 125082
125083 125374
125375 125995
125996 126110
126111 126172
126173 126788
126789 126900
126901 126984
126985 128034
128035 128815
128816 129069
129071 129179
129181 129479
129480 129790
129791 130382
130383 131786
131787 132946
132947 133345
133347 133925
133926 134099
134101 134698
134699 134940
134941 135036
135037 137853
137854 137980
137981 138126
138127 138388
138389 138554
138555 138608
138609 138744
138745 138885
138886 138994
138995 139445
139446 139546
139547 139665
139666 139762
139763 140014
140015 140154
140155 140420
140421 140990
140991 141465
141466 141824
141825 142165
142166 142282
142283 142596
142597 143093
143094 143265
143266 143489
143490 143588
143589 143748
143749 144413
144414 144526
144527 145095
145096 145487
145488 145544
145545 146234
146235 146356
146357 146833
146834 146980
146981 147113
147115 147568
147569 147998
147999 148329
148330 149178
149179 149475
149476 149800
149801 149903
149904 150087
150088 150406
150407 150498
150499 151066
151067 151204
151205 151321
151322 151426
151427 151533
151534 151607
151608 151706
151707 151788
151789 152030
152031 152616
152617 152743
152744 152874
152875 153156
153157 153443
153444 153579
153580 153748
153749 153958
153959 155324
155326 155511
155512 156106
156107 156799
156800 157123
157125 157383
157384 157513
157514 157655
157656 157766
157767 157990
157991 158094
158095 158559
158560 159295
159297 159611
159612 159712
159713 160360
160361 161477
161478 161565
161566 161618
161619 161760
161761 161902
161903 162083
162084 162216
162217 162678
162679 162900
162901 163003
163004 163906
163907 164137
164138 164387
164388 165047
165048 165175
165176 165424
165425 165590
165591 166703
166704 167212
167213 167372
167373 167685
167686 167809
167810 168134
168135 168598
168599 168711
168712 168822
168823 168900
168901 169105
169106 169158
169159 169605
169606 169740
169741 169784
169785 169866
169867 170004
170005 170668
170669 171460
171461 171902
171903 171999
172000 172150
172151 172398
172399 172534
172535 172661
172662 172788
172789 172910
172911 173040
173041 173566
173567 173717
173718 174232
174233 174359
174360 174570
174571 174699
174700 174828
174829 177022
177023 177723
177724 179024
179025 179404
179405 179812
179814 182100
182102 182502
182504 183080
183081 183558
183559 183960
183961 184624
184625 184638
184639 184644
184645 189750
189751 189775
