0 12
13 14
15 66
67 287
288 469
470 571
572 682
683 1131
1132 1157
1158 1251
1252 1320
1321 2618
2619 3545
3546 3917
3918 3947
3948 4026
4027 4071
4072 4162
4163 4200
4201 4315
4316 4386
4387 4562
4563 4740
4741 4803
4804 4948
4949 5068
5069 5144
5145 5202
5203 5231
5232 5276
5277 5443
5444 5551
5552 5600
5601 5906
5907 5928
5929 6190
6191 6304
6305 6608
6609 6755
6756 6878
6879 6942
6943 7049
7050 7174
7175 7340
7341 7458
7459 7532
7533 7663
7664 7801
7802 7915
7916 8481
8482 8691
8692 8739
8740 8791
8792 8843
8844 8936
8937 9047
9048 9104
9105 9175
9176 9205
9206 9729
9730 9782
9783 9928
9929 9976
9977 10151
10152 10236
10237 10268
10269 10300
10301 10334
10335 10386
10387 10606
10607 10760
10761 10789
10790 10903
10904 11257
11258 11504
11505 11892
11893 12040
12041 12070
12071 12106
12107 12149
12150 12213
12214 12294
12295 12354
12355 12433
12434 12546
12547 12831
12832 12917
12918 13092
13093 13152
13153 13310
13311 13487
13488 13588
13589 13681
13682 13771
13772 13839
13840 13913
13914 14790
14791 14853
14854 14989
14990 15047
15048 15338
15339 15486
15487 15753
15754 15971
15972 16059
16060 16381
16382 16529
16530 16589
16590 17051
17052 17153
17154 17255
17256 17377
17378 17773
17774 17812
17813 17884
17885 18114
18115 18414
18415 18546
18547 18632
18633 18913
18914 19248
19249 19330
19331 19467
19468 19652
19653 20066
20067 20237
20238 20304
20305 20452
20453 20491
20492 20639
20640 21189
21190 21417
21418 21476
21477 21540
21541 21977
21978 22000
22001 22231
22232 22278
22279 22521
22522 22562
22563 22653
22654 22726
22727 22896
22897 23069
23070 23132
23133 23213
23214 23298
23299 23338
23339 23472
23473 23823
23824 24448
24449 24490
24491 24531
24532 24668
24669 24742
24743 24904
24905 25040
25041 25328
25329 25504
25505 25842
25843 26250
26251 26504
26505 26683
26684 26751
26752 27519
27520 28026
28027 28056
28057 28168
28169 28209
28210 28353
28354 28431
28432 28757
28758 28886
28887 29088
29089 29264
29265 29435
29436 29561
29562 29661
29662 29783
29784 29860
29861 29995
29996 30102
30103 30179
30180 30224
30225 30337
30338 30401
30402 30602
30603 30871
30872 30968
30969 31140
31141 31394
31395 31725
31726 31860
31861 31903
31904 31970
31971 31999
32000 32205
32206 32335
32336 32442
32443 32497
32498 32551
32552 32624
32625 32829
32830 32927
32928 32954
32955 33003
33004 33109
33110 33157
33158 33328
33329 33525
33526 33616
33617 33673
33674 34029
34030 34079
34080 34181
34182 34299
34300 34340
34342 34415
34416 34584
34585 34698
34699 34793
34794 34881
34882 35020
35021 35048
35049 35417
35418 35648
35649 35737
35738 35811
35812 35868
35869 36419
36420 36453
36454 36640
36641 36722
36723 36762
36763 36813
36814 36859
36860 36947
36948 37001
37002 37082
37083 37104
37105 37207
37208 37248
37249 37338
37339 37364
37365 37456
37457 37486
37487 37560
37561 37581
37582 37661
37662 37830
37831 37881
37882 37989
37990 38048
38049 38086
38087 38195
38196 38241
38242 38363
38364 38381
38382 38643
38644 38757
38758 38833
38834 38920
38921 39101
39102 39116
39117 39350
39351 39505
39506 39646
39647 39721
39722 39882
39883 40173
40174 40238
40239 40359
40360 40627
40628 40781
40782 40905
40906 41033
41034 41122
41123 41202
41203 41408
41409 41434
41435 42346
42347 42426
42427 42514
42515 42562
42563 42575
42577 42641
42642 43487
43488 44554
44555 44607
44608 46021
46022 46061
46062 46342
46343 46387
46388 46442
46443 46532
46533 47233
47234 47259
47260 48348
48349 48589
48590 48704
48705 49524
49525 49566
49567 49823
49824 49849
49850 50192
50193 50230
50231 50553
50554 50604
50605 50901
50902 51095
51096 51146
51147 51262
51263 51317
51318 51601
51602 51708
51709 51880
51881 51930
51931 52433
52434 52510
52511 52661
52662 53110
53111 53170
53171 53383
53384 53445
53446 54026
54027 54126
54127 54213
54214 54340
54341 54844
54845 55042
55043 55272
55273 55664
55665 55708
55709 55757
55758 55857
55858 55908
55909 56006
56007 56070
56071 56138
56139 56625
56626 56705
56706 56770
56771 56867
56868 57205
57206 57253
57254 57689
57690 57751
57752 58264
58265 58336
58337 58525
58526 58592
58593 60119
60120 60200
60201 60291
60292 60329
60330 60392
60393 60443
60444 60505
60506 60613
60614 60766
60767 61103
61104 61450
61451 61481
61482 61838
61839 61988
61989 62130
62131 62303
62304 62481
62482 62936
62937 63586
63587 64181
64182 64774
64775 65393
65394 66671
66672 66985
66986 67372
67373 67392
67393 68233
68234 68807
68808 69908
69909 70229
70230 70837
70838 71086
71087 71446
71447 72026
72027 72369
72370 72846
72847 73303
73304 73455
73456 74224
74225 74430
74431 75871
75872 75965
75966 76039
76040 76347
76348 76403
76404 76516
76517 76622
76623 76768
76769 76889
76890 77083
77084 77169
77170 77238
77239 77272
77273 77376
77377 77406
77407 77457
77458 77595
77596 77671
77672 77827
77828 78002
78003 78054
78055 78276
78277 78447
78449 78455
78456 80148
80149 80253
80254 80413
80414 80555
80557 80638
80639 80714
80715 80919
80920 80969
80970 81026
81027 81058
81059 81122
81123 81729
81730 81815
81816 81995
81996 82728
82729 83544
83545 83624
83625 83724
83725 83924
83925 84032
84033 84196
84197 84320
84321 84446
84447 84699
84700 84835
84836 84898
84899 85183
85184 85351
85352 85901
85902 86178
86179 87102
87103 87304
87305 87413
87414 87512
87513 87619
87620 87655
87656 87847
87848 88027
88028 88101
88102 88217
88218 88281
88282 88397
88398 88535
88536 88636
88637 88698
88699 88831
88832 88905
88906 88940
88941 88958
88959 89005
89006 89377
89378 89413
89414 89513
89514 89577
89578 89645
89646 89748
89749 89793
89794 89854
89855 89903
89904 89951
89952 89996
89997 90028
90029 90053
90054 90127
90128 90175
90176 90239
90240 90648
90649 90848
90849 90947
90948 91025
91026 91144
91145 91222
91223 91412
91413 91481
91482 91558
91559 91663
91664 92423
92424 92632
92633 93052
93053 93211
93212 93221
93222 93481
93482 93553
93555 93919
93920 94680
94681 94709
94710 95056
95057 95220
95221 95270
95271 95392
95393 95547
95548 95613
95614 95626
95627 95760
95761 95777
95778 95821
95822 95857
95858 95885
95886 95915
95916 95964
95965 95994
95995 96032
96033 96096
96097 96166
96167 96208
96209 96306
96307 96321
96322 96382
96383 96420
96421 96450
96451 96477
96478 96519
96520 96662
96663 96762
96763 96790
96791 96961
96962 97000
97001 97008
97009 97062
97063 97122
97123 97161
97162 97191
97192 97223
97224 97245
97246 97285
97286 97320
97321 97342
97343 97371
97373 97485
97487 97515
97516 97546
97547 97578
97580 97600
97601 97623
97624 97696
97697 97762
97763 97779
97780 97872
97873 97883
97884 97912
97913 97967
97968 98011
98012 98057
98058 98116
98117 98161
98162 98201
98202 98249
98250 98329
98330 98375
98376 98453
98454 98486
98487 98541
98542 98598
98599 98630
98631 98686
98687 98758
98759 98778
98780 98870
98872 98883
98884 99090
99091 99149
99150 99286
99287 99385
99386 99405
99406 99499
99500 99512
99513 99642
99643 99674
99675 99728
99729 99782
99783 99889
99890 100011
100012 100087
100088 100152
100154 100220
100221 100250
100251 100275
100276 100305
100306 100421
100422 100439
100440 100465
100466 100513
100514 100556
100557 100585
100586 100601
100602 100668
100669 100712
100713 100837
100838 100911
100912 101017
101018 101075
101076 101156
101157 101202
101203 101278
101279 101301
101302 101326
101327 101361
101362 101403
101404 101452
101453 101502
101503 101558
101559 101584
101585 101607
101608 101636
101637 101685
101686 101786
101787 101911
101912 101933
101934 101976
101977 102015
102016 102057
102058 102082
102083 102107
102108 102134
102135 102147
102148 102174
102175 102211
102212 102237
102238 102256
102257 102306
102307 102339
102340 102411
102412 102546
102547 102592
102594 102654
102655 102711
102713 102777
102778 102833
102835 102892
102894 102948
102949 103011
103012 103071
103072 103159
103160 103195
103196 103293
103294 103305
103306 103383
103384 103511
103512 103629
103630 103677
103679 104473
104475 104918
104919 105096
105097 105258
105259 105383
105384 105589
105590 105681
105682 105725
105726 106040
106041 106194
106195 106359
106360 106557
106558 106765
106766 107027
107028 107234
107235 107249
107250 107322
107323 107494
107495 107741
107742 107919
107920 108024
108025 108140
108141 108540
108541 108599
108600 108847
108848 109050
109051 109118
109119 109260
109261 109369
109370 109443
109444 109633
109634 109758
109759 109990
109991 110082
110083 110406
110407 110538
110539 110654
110655 110728
110729 110806
110807 110956
110957 111019
111020 111536
111537 112014
112015 112956
112957 113161
113162 113332
113333 113684
113685 114423
114424 114593
114594 115331
115332 115456
115457 115531
115532 115656
115657 115831
115832 116570
116572 116722
116723 116819
116820 116891
116892 117024
117025 117473
117474 117601
117602 117877
117878 118065
118066 118190
118191 118400
118401 118616
118617 118913
118914 119110
119111 119378
119379 119494
119495 119780
119781 119849
119850 119982
119983 120008
120009 120179
120180 120218
120219 120227
120228 120268
120269 120288
120289 120309
120310 120332
120333 120344
120345 120364
120365 120384
120385 120397
120398 120412
120413 120434
120435 120453
120454 120467
120468 120500
120501 120524
120525 120564
120565 120604
120605 120618
120619 120663
120664 120698
120699 120733
120734 120750
120751 120765
120766 120786
120787 120810
120811 120839
120840 120866
120867 120898
120899 120977
120978 121103
121104 121261
121262 121503
121504 121714
121715 121781
121782 121853
121854 121872
121874 121981
121982 122310
122311 122356
122357 122372
122374 122481
122482 122529
122530 122599
122600 122634
122635 122653
122654 122674
122675 122716
122717 122731
122732 122766
122767 122817
122818 122847
122848 123053
123054 123109
123110 123144
123145 123211
123212 123253
123254 123317
123318 123357
123358 123417
123418 124167
124168 124242
124243 124562
124563 124617
124618 124744
124745 124825
124827 124934
124935 124960
124961 125033
125034 125055
125057 125086
125087 125204
125205 125221
125222 125237
125238 125282
125283 125355
125356 125394
125395 125427
125428 125500
125501 125629
125630 125732
125733 125778
125779 125880
125881 125928
125929 125953
125954 125966
125967 126069
126070 126244
126245 126367
126368 126455
126456 126517
126518 126562
126563 126615
126616 126650
126651 126686
126687 126834
126835 127116
127117 127127
127128 127205
127206 127333
127334 127548
127549 127874
127875 128013
128014 128549
128550 128609
128610 128657
128658 128751
128752 128816
128817 128941
128942 128993
128994 129095
129096 129397
129398 130778
130779 130911
130912 130961
130962 131909
131910 132081
132082 132914
132915 133242
133243 134312
134313 134427
134428 135473
135474 135887
135888 137113
137114 137187
137188 137276
137277 137633
137634 137999
138000 138557
138558 138828
138829 139167
139168 139432
139433 140507
140508 140703
140704 141535
141536 141761
141762 142792
142793 142932
142933 143847
143848 143949
143950 144018
144019 144232
144233 144359
144360 144746
144747 145309
145310 145604
145605 146479
146480 146730
146731 147405
147406 147607
147608 148432
148433 148769
148770 149432
149433 149490
149491 149977
149978 150199
150200 151003
151004 151207
151208 151575
151576 151906
151907 152057
152058 153620
153621 180618
180619 192722
192723 193242
193243 193336
193338 194586
194587 196159
196160 196243
196244 196778
196779 197311
197312 197482
197483 197629
197630 198176
198177 198371
198372 198653
198654 199080
199081 199343
199344 199509
199510 199634
199635 199819
199820 199948
199949 200101
200102 200296
200297 200475
200476 202255
202256 202520
202521 205285
205286 206439
206440 207730
207731 207826
207827 210733
210734 210962
210963 211638
211639 212561
212562 212697
212698 214399
214400 214575
214576 214916
214917 215156
215157 215645
215646 215973
215974 216209
216210 216316
216317 216706
216707 217216
217217 217319
217320 220224
220225 222818
222819 224053
224054 224301
224303 224403
224404 224549
224550 225035
225036 225369
225370 225531
225532 225656
225657 225796
225797 225981
225982 226082
226083 226192
226193 226386
226387 226485
226486 226650
226651 226775
226776 227035
227036 227139
227140 227403
227404 227526
227527 227784
227785 227882
227883 228012
228013 228309
228310 228697
228698 228876
228877 228966
228967 229104
229105 229341
229342 229504
229505 229715
229716 229889
229890 229967
229968 230074
230075 230289
230290 230443
230444 230830
230831 230948
230949 231021
231022 231234
231236 231555
231556 231609
231610 231864
231865 231939
231940 231981
231982 232474
232475 232746
232747 233098
233099 233596
233597 233621
233622 234278
234279 234586
234587 234670
234671 235754
235755 236579
236580 236601
236602 236827
236828 237001
237002 237363
237364 237928
237931 238594
238595 239053
239054 239148
239149 239217
239218 239291
239292 239358
239359 239491
239492 239526
239527 239554
239555 239587
239588 239675
239676 239720
239721 239802
239803 239858
239859 239877
239878 239941
239942 239960
239961 240006
240007 240040
240041 240144
240145 240290
240292 240372
240373 240611
240612 240622
240623 240730
240731 240850
240851 240958
240959 241288
241289 241372
241373 241420
241421 241504
241505 241630
241631 241690
241691 241834
241835 241882
241883 242104
242105 242263
242264 242283
242284 242367
242368 242505
242506 242569
242570 242953
242954 243160
243161 243238
243239 243626
243627 243986
243987 244024
244025 244060
244061 244149
244150 244197
244198 244281
244282 244559
244560 244655
244656 244799
244800 244832
244833 244922
244923 244988
244989 245229
245230 245316
245317 245663
245664 246311
246312 246376
246377 246479
246480 246634
246635 246694
246695 246735
246736 246771
246772 246987
246988 247023
247024 247136
247137 247262
247263 247361
247362 247457
247458 247588
247589 247626
247627 247742
247743 247814
247815 247955
247956 248089
248090 248185
248186 248311
248312 248395
248396 248467
248468 248608
248609 248653
248654 248881
248882 249306
249307 249342
249343 249558
249559 249702
249703 249796
249797 249859
249860 249949
249950 250021
250022 250309
250310 250393
250394 250604
250605 250643
250644 250779
250780 250851
250852 250908
250909 250950
250951 251059
251060 251154
251155 251236
251237 251284
251285 251347
251348 251651
251652 251743
251744 251863
251864 251947
251948 252175
252176 252312
252313 252400
252401 252487
252488 252727
252728 253021
253022 253253
253254 253397
253398 253470
253471 253542
253543 253878
253879 253998
253999 254238
254239 254339
254340 254387
254388 254500
254501 254542
254543 254605
254606 254803
254804 254951
254952 255034
255035 255076
255077 255106
255107 255194
255195 255234
255235 255840
255841 255984
255985 256095
256096 256239
256240 256322
256323 256466
256467 256562
256563 256627
256628 256734
256735 256759
256760 256831
256832 256884
256885 256945
256946 257095
257096 257254
257255 257295
257296 257463
257464 257535
257536 257738
257739 257978
257979 258018
258019 258070
258071 258142
258143 258346
258347 258442
258443 258526
258527 258562
258563 258610
258611 258964
258965 259019
259020 259235
259236 259379
259380 259811
259812 259866
259867 260115
260116 260175
260176 260211
260212 260882
260883 260966
260967 261014
261015 261194
261195 261248
261249 262096
262097 262207
262208 262351
262352 262495
262496 262594
262595 262645
262646 262789
262790 262837
262838 262909
262910 263149
263150 263191
263192 263263
263264 263401
263402 263635
263636 263756
263757 263893
263894 263953
263954 264186
264187 264306
264307 264450
264451 264570
264571 264618
264619 264738
264739 264786
264787 265026
265027 265057
265058 265177
265178 265345
265346 265417
265418 265489
265490 265537
265538 265633
265634 265657
265658 265676
265677 265901
265902 265937
265938 266009
266010 266207
266208 266231
266232 266327
266328 266357
266358 266501
266502 266885
266886 267077
267078 267155
267156 267227
267228 267503
267504 267689
267690 267737
267738 268559
268560 268595
268596 268763
268764 268870
268871 269086
269087 269173
269174 269563
269564 269608
269609 269680
269681 269728
269729 269944
269945 270008
270009 270026
270027 270074
270075 270122
270123 270327
270328 270351
270352 270591
270592 270891
270892 270975
270976 271158
271159 271230
271231 271302
271303 271362
271363 271490
271491 271580
271581 271688
271689 271742
271743 271838
271839 272018
272019 272072
272073 272216
272217 272494
272496 272597
272599 273213
273214 273782
273783 275318
275319 275416
275417 275575
275576 275876
275877 275953
275954 276190
276191 276346
276347 276775
276776 276900
276901 277143
277144 277364
277365 277493
277494 277833
277834 277958
277959 278197
278198 278740
278741 278911
278912 279254
279255 279443
279444 279518
279519 279898
279899 280912
280913 281016
281017 282011
282012 282742
282743 282867
282868 283282
283283 283843
283844 283944
283945 284042
284043 284610
284611 285218
285219 285442
285443 285637
285638 285744
285745 286367
286368 286467
286468 286817
286818 286917
286918 287006
287007 287292
287293 287597
287598 288358
288359 288693
288694 289294
289295 289548
289549 289760
289761 290131
290132 290478
290479 290553
290554 291398
291399 294768
294769 295069
295070 295504
295505 296061
296062 296436
296437 297004
297005 297142
297143 298071
298072 298456
298457 298580
298581 298762
298763 300317
300318 300667
300668 300846
300847 301120
301121 301657
301658 301764
301765 301991
301992 302470
302471 302967
302968 303129
303130 303184
303185 303217
303218 303305
303306 303615
303616 303751
303752 303855
303856 304219
304220 304390
304391 304562
304563 304768
304769 304867
304868 305085
305086 305169
305170 306375
306376 306599
306600 306713
306714 306814
306815 306951
306952 307131
307132 307452
307453 307607
307608 307729
307730 307836
307837 308164
308165 308313
308314 308536
308537 308810
308811 308973
308974 309119
309120 309239
309240 309368
309369 310088
310089 310736
310737 310868
310869 311127
311128 311560
311561 312448
312449 312784
312785 313208
313209 313836
313837 315185
315186 315211
315212 316362
316363 316619
316620 316691
316693 317057
317058 317818
317820 317830
317831 318072
318073 318076
318077 318239
318240 318244
318245 318272
318273 318443
318444 318482
318483 318489
318490 318575
318576 318618
318619 318646
318647 318660
318661 318684
318685 318705
318706 318743
318744 318789
318790 318814
318815 318849
318850 318868
318869 318943
318944 318982
318983 319024
319025 319041
319042 319073
319074 319097
319098 319127
319128 319239
319240 319259
319260 319354
319355 319369
319370 319460
319461 319490
319491 319554
319555 319573
319574 319618
319619 319651
319652 319673
319674 319704
319705 319752
319753 319762
319763 319834
319835 319869
319870 319945
319946 319980
319981 320012
320013 320064
320065 320102
320103 320139
320140 320175
320176 320254
320255 320289
320290 320331
320332 320360
320361 320378
320379 320413
320414 320439
320440 320570
320571 320585
320586 320680
320681 320695
320696 320763
320764 320795
320796 320814
320815 320846
320847 320864
320865 320947
320948 320964
320965 321052
321053 321097
321098 321119
321120 321195
321196 321260
321261 321273
321274 321430
321431 322027
322028 322048
322049 322115
322116 322141
322142 322153
322154 322353
322354 322423
322424 322455
322456 322481
322482 322549
322550 322653
322654 322725
322726 322969
322970 323085
323086 323126
323127 323225
323226 323243
323244 323357
323358 323420
323421 323499
323500 323638
323639 323749
323750 323811
323812 323856
323857 323933
323934 323976
323977 324007
324008 324033
324034 324054
324055 324079
324080 324117
324118 324144
324145 324181
324182 324198
324199 324236
324237 324270
324271 324284
324285 324331
324332 324433
324434 324479
324480 324521
324522 324557
324558 324652
324653 324682
324683 324722
324723 324749
324750 324774
324775 324798
324799 324835
324836 324859
324860 324888
324889 324933
324934 324958
324959 325029
325030 325050
325051 325107
325108 325128
325129 325194
325195 325220
325221 325307
325308 325385
325386 325439
325440 325535
325536 325584
325585 325647
325648 326022
326023 326049
326050 326135
326136 326156
326157 326251
326252 326261
326262 326286
326287 326313
326314 326345
326346 326388
326389 326510
326511 326526
326527 326565
326566 326623
326624 326651
326652 326701
326702 326723
326724 326743
326744 326845
326846 326886
326887 326891
326892 326969
326970 327097
327098 327099
327100 327698
327699 328362
328363 329094
329095 329340
329341 329458
329459 329590
329591 329843
329844 329939
329940 330086
330087 330217
330218 330322
330323 330643
330644 330727
330728 331021
331022 331117
331118 331318
331319 331423
331424 331603
331604 331861
331862 332839
332840 333104
333105 333197
333198 333239
333240 333443
333444 333824
333825 335401
335402 336559
336560 336643
336644 336767
336768 336850
336851 337445
337446 338778
338779 339294
339295 339382
339383 339541
339542 339687
339688 339809
339810 340004
340005 340718
340719 341072
341073 341197
341198 341351
341352 341611
341612 341818
341819 341883
341884 342005
342006 342143
342144 342217
342218 342453
342454 342571
342572 342770
342771 342815
342816 342872
342873 343030
343031 343161
343162 343299
343300 343419
343420 343489
343490 343827
343828 343983
343984 344397
344398 344823
344824 344956
344957 345193
345194 345251
345252 345407
345408 345507
345508 345600
345601 345790
345791 345932
345933 346005
346006 346193
346194 346267
346268 346355
346356 346887
346888 346974
346975 347099
347100 347141
347142 347827
347828 347885
347886 348383
348384 348387
348388 348511
348512 348687
348688 348849
348850 348931
348932 349404
349405 349491
349492 349495
349496 349717
349718 349864
349865 350055
350056 350124
350125 350214
350215 350744
350745 351039
351040 352684
352685 352687
352688 353174
353175 353281
353282 353471
353472 353597
353598 353724
353725 354459
354460 354560
354561 354773
354774 354846
354847 354929
354930 355036
355037 355085
355086 355168
355169 355277
355278 355358
355359 355592
355593 355798
355799 355879
355880 356000
356001 356076
356077 356491
356492 356960
356961 357680
357681 358359
358360 358432
358433 358559
358560 358584
358585 358755
358756 358794
358795 358803
358804 358872
358873 358904
358905 358960
358961 359011
359012 359025
359026 359057
359058 359119
359120 359168
359169 359188
359189 359247
359248 359412
359414 359553
359554 359570
359571 359681
359682 359798
359800 359834
359836 360010
360011 360181
360182 360192
360193 360252
360253 360274
360275 360288
360289 360783
360784 360905
360906 361101
361102 361141
361142 361215
361217 361260
361261 361355
361356 361388
361389 361453
361455 361528
361530 361639
361640 361718
361719 361780
361781 361857
361858 362236
362238 362338
362339 362607
362608 362624
362625 362685
362686 362834
362835 362870
362871 363044
363045 363162
363163 363200
363201 363229
363230 363328
363329 363434
363435 363557
363558 363651
363652 363745
363746 363802
363803 363866
363867 363969
363970 364001
364002 364025
364026 364057
364058 364097
364098 364121
364122 364193
364194 364307
364308 364395
364396 364435
364436 364600
364601 364642
364643 364675
364676 364732
364733 364862
364863 364906
364907 364952
364953 364973
364974 364993
364994 365030
365031 365053
365054 365115
365116 365185
365186 365211
365212 365311
365312 365351
365352 365371
365372 365379
365380 365399
365400 365409
365410 365565
365566 365691
365692 365733
365735 365743
365744 365891
365892 365939
365940 366017
366018 366145
366146 366177
366178 366224
366226 366313
366314 366397
366398 366416
366417 366500
366502 366716
366717 366907
366908 366920
366921 367010
367011 367065
367066 367315
367316 367405
367406 367591
367592 367753
367754 368353
368354 368992
368994 369032
369033 369380
369381 369411
