0 46
47 1119
1120 1363
1365 1400
1401 2232
2233 2351
2352 2525
2526 2675
2676 3043
3044 3137
3138 3259
3260 3450
3451 3561
3562 3756
3757 3934
3935 4021
4022 4468
4469 4554
4555 4639
4640 4761
4762 4837
4838 4882
4883 5233
5234 5323
5324 5461
5462 5817
5818 6030
6031 6123
6124 6286
6287 6469
6470 6905
6906 7273
7274 7404
7405 7518
7519 7628
7629 7800
7801 7919
7921 8142
8143 8224
8225 8322
8323 8409
8410 8463
8464 8674
8675 8795
8796 8891
8892 9185
9186 9262
9264 9370
9371 9400
9401 9747
9748 10867
10868 11359
11360 11531
11532 11815
11816 11887
11888 12353
12354 12615
12616 13303
13304 13555
13556 14005
14006 14115
14116 14383
14384 14563
14564 14779
14780 15199
15200 15283
15284 15499
15500 15715
15716 15859
15860 16009
16010 16119
16120 16179
16180 16389
16390 16489
16490 16629
16630 16779
16780 16829
16830 16899
16900 17433
17434 17658
17660 17994
17996 18315
18316 18511
18513 18917
18918 19155
19156 19279
19280 19387
19388 19495
19496 19693
19694 19783
19784 19867
19868 19987
19988 20107
20108 20299
20300 20671
20672 20743
20744 20847
20848 21784
21785 21852
21854 21978
21980 22205
22207 22834
22835 22911
22912 23009
23010 23505
23506 23578
23579 23739
23740 23822
23823 23885
23886 24034
24035 24212
24213 24337
24338 24498
24499 24941
24942 25042
25043 25367
25368 25467
25468 25555
25556 25655
25656 25917
25918 25976
25977 26166
26167 26618
26619 26998
26999 27384
27385 27439
27440 27924
27925 28101
28102 28205
28206 28278
28279 28588
28589 28920
28921 29066
29067 29607
29608 29665
29666 29745
29746 29859
29860 29903
29904 29961
29962 30049
30050 30365
30367 30574
30575 30940
30941 31023
31024 31065
31066 31284
31285 31753
31754 31931
31932 32306
32307 32676
32677 33017
33018 33126
33127 33281
33282 33455
33457 33573
33574 33608
33610 33675
33677 34030
34031 34221
34222 34380
34381 34424
34425 34497
34498 34737
34738 34877
34878 35308
35309 35508
35509 35775
35776 35958
35959 36563
36564 36661
36662 37376
37377 37493
37494 37619
37620 37680
37681 38386
38387 38774
38775 38872
38873 38962
38963 39169
39170 39356
39357 39619
39620 39953
39954 40203
40204 40349
40350 40491
40492 40756
40757 40818
40819 40912
40913 41053
41054 41477
41478 41675
41676 42113
42114 42864
42865 43120
43121 43604
43605 43813
43814 43844
43845 43907
43908 44462
44463 44508
44510 44711
44712 44806
44807 46067
46068 46312
46314 46349
46350 47106
47107 47227
47228 47401
47402 47550
47551 47635
47636 47686
47687 47799
47800 48481
48482 48575
48576 48697
48698 48888
48889 48999
49000 49194
49195 49372
49373 49404
49405 49827
49828 49915
49916 50000
50001 50122
50123 50198
50199 50243
50244 50594
50595 50684
50685 50813
50814 51159
51160 51376
51377 51469
51470 51632
51633 51815
51816 51893
51894 52246
52247 52375
52376 52489
52490 52599
52600 52771
52772 52890
52892 53113
53114 53195
53196 53293
53294 53390
53391 53443
53444 53660
53661 53848
53849 53944
53945 54054
54055 54212
54213 54382
54385 55368
55369 55502
55503 56538
56539 57177
57178 57869
57870 57956
57957 57987
57988 58075
58076 58171
58172 58352
58353 58864
58865 59028
59029 59084
59085 59162
59163 59472
59473 59615
59616 60008
60009 60240
60241 60711
60712 61105
61106 61488
61489 61998
61999 62434
62435 62878
62879 63717
63719 64254
64255 64675
64677 64855
64856 65280
65281 65499
65500 65894
65895 66138
66139 66537
66539 66753
66754 67021
67022 67107
67108 67166
67167 67283
67284 67540
67541 67736
67737 68248
68249 68474
68475 68539
68540 68619
68620 69034
69035 69153
69154 69441
69442 69466
69467 69561
69562 69875
69876 69924
69925 69977
69978 70110
70111 70141
70142 70172
70173 70337
70338 70481
70482 70667
70668 70720
70721 70752
70753 70844
70845 71461
71462 71826
71827 72180
72181 72328
72329 72839
72840 72986
72987 73309
73310 73394
73395 73633
73634 73904
73905 74126
74127 74987
74988 75025
75026 75064
75065 75104
75105 75139
75140 75212
75213 75250
75251 75290
75291 75435
75436 75470
75471 75660
75662 75807
75808 76459
76460 76629
76630 76688
76689 76751
76752 76799
76800 76856
76857 76941
76942 77076
77077 77218
77219 77638
77639 78219
78220 78268
78269 78335
78336 78489
78490 78526
78527 78620
78621 78685
78686 78760
78761 79066
79067 79221
79222 79436
79437 79573
79574 79669
79670 79960
79961 80041
80042 80192
80193 80291
80292 80375
80376 80504
80505 80555
80556 80661
80662 81226
81227 82193
82194 82253
82254 82354
82355 82476
82477 83109
83110 83189
83190 83277
83278 83375
83376 83438
83439 83675
83676 83732
83733 84120
84121 84249
84250 84403
84404 84849
84850 85082
85083 85868
85869 86026
86027 86095
86096 86242
86243 86355
86356 86849
86850 87032
87033 87113
87114 87209
87211 87251
87252 87285
87286 87301
87302 87336
87337 87376
87377 87420
87421 87803
87804 87908
87909 87953
87954 88079
88080 88144
88145 88447
88448 88547
88548 88549
88550 88578
88579 88634
88635 88805
88806 88861
88862 88899
88900 89050
89051 89067
89068 89399
89401 89817
89818 89834
89835 89899
89900 90113
90114 90158
90159 90237
90238 90306
90307 90484
90485 90584
90585 90601
90602 90691
90692 90757
90758 90856
90857 90976
90977 90978
90979 91070
91071 91314
91316 91351
91352 92127
92128 92236
92237 92385
92386 92533
92534 92618
92619 92679
92680 92730
92731 92843
92844 93525
93526 93619
93620 93741
93742 93932
93933 94043
94044 94238
94239 94394
94395 94815
94816 94903
94904 94988
94989 95110
95111 95186
95187 95231
95232 95582
95583 95672
95673 95803
95804 96094
96095 96469
96470 96814
96815 96944
96945 97058
97059 97168
97169 97340
97341 97459
97461 97682
97683 97764
97765 97862
97863 97957
97958 98015
98016 98214
98215 98338
98339 98443
98444 98540
98541 98542
98543 98592
98593 98617
98618 98736
98737 98789
98790 98835
98836 98860
98861 98917
98918 98934
98935 98971
98972 99096
99097 99229
99230 99295
99296 99342
99343 99426
99427 99487
99488 99559
99560 99579
99580 99618
99619 99653
99654 99672
99673 99706
99707 99745
99746 99772
99773 99832
99833 99874
99875 99923
99924 100029
100030 100103
100104 100162
100163 100329
100330 100432
100433 100460
100461 100501
100502 100580
100581 100663
100664 100703
100704 100758
100759 100822
100824 101007
101008 101066
101067 101116
101118 101217
101218 101307
101308 101324
101325 101396
101397 101415
101416 101430
101431 101484
101485 101515
101516 101555
101556 101607
101608 101660
101661 101823
101824 101881
101882 101908
101909 101935
101936 101963
101965 102009
102010 102074
102075 102091
102092 102179
102180 102200
102201 102232
102233 102282
102283 102332
102333 102362
102363 102395
102396 102554
102555 102605
102606 102646
102647 102716
102717 102718
102719 102815
102816 102839
102840 102880
102881 102932
102933 103104
103105 103994
103995 104040
104041 104071
104072 104124
104125 104153
104154 104186
104187 106240
106241 107196
107197 107347
107348 107455
107456 107842
107843 107960
107961 108255
108256 108583
108584 108688
108689 109044
109045 109217
109218 109680
109681 109774
109775 110121
110122 110188
110189 110422
110423 110534
110535 110738
110739 110945
110946 111031
111032 111431
111432 111487
111488 111630
111631 111811
111812 111914
111915 112020
112021 112082
112083 112158
112159 112627
112628 112770
112771 113189
113190 113313
113314 113934
113935 114218
114219 114634
114635 114815
114816 115215
115217 115442
115443 115853
115854 116087
116088 116456
116457 116720
116721 117051
117052 117205
117206 117252
117253 117381
117382 117629
117630 117832
117833 118308
118309 118534
118535 118599
118600 118679
118680 119094
119095 119213
119214 119501
119502 119526
119527 119621
119622 119935
119936 119984
119985 120037
120038 120170
120171 120201
120202 120232
120233 120397
120398 120541
120542 120727
120728 120780
120781 120812
120813 120904
120905 121437
121438 121802
121803 122156
122157 122304
122305 122815
122816 122962
122963 123285
123286 123370
123371 123609
123610 123884
123885 124181
124182 124999
125000 125091
125092 125143
125144 125281
125282 125312
125313 125481
125482 125500
125501 125588
125589 125634
125635 125665
125666 125718
125719 125812
125813 125851
125852 125876
125877 125983
125984 126000
126001 126040
126041 126123
126124 126195
126196 126307
126308 126672
126673 126697
126698 126826
126827 127155
127156 127369
127370 127403
127404 127461
127462 127522
127523 127564
127565 127616
127617 127804
127805 127837
127838 128204
128205 128250
128251 128549
128550 128768
128769 129423
129424 129575
129576 129620
129621 129743
129744 129889
129890 130837
130838 131410
131411 131505
131506 132199
132200 132353
132354 132572
132573 132623
132624 132707
132708 132865
132866 132960
132961 133050
133051 133191
133192 133292
133293 133323
133324 133393
133394 133538
133539 134321
134322 134419
134420 134562
134563 134973
134974 135139
135140 135461
135462 135562
135563 136137
136138 136777
136778 136827
136828 137069
137070 137105
137107 137885
137886 138000
138001 138255
138256 138292
138293 138376
138377 138437
138438 138488
138489 138601
138602 139283
139284 139377
139378 139499
139500 139690
139691 139801
139802 139996
139997 140121
140122 140548
140549 140638
140639 140723
140724 140845
140846 140921
140922 140966
140967 141317
141318 141407
141408 141533
141534 141819
141820 142200
142201 142534
142535 142665
142666 142779
142780 142889
142890 143061
143062 143180
143182 143403
143404 143485
143486 143583
143584 143670
143671 143720
143721 143915
143916 144029
144030 144128
144129 144229
144230 144274
144275 144311
144312 144378
144379 144424
144425 144516
144517 144553
144554 144580
144581 144605
144606 144646
144647 144676
144677 144718
144719 144768
144769 144822
144823 144981
144982 144998
144999 145118
145119 145258
145259 145380
145381 145489
145490 145535
145536 145604
145605 145665
145666 145749
145750 145766
145767 145847
145848 145889
145890 145909
145910 145947
145948 146016
146017 146033
146034 146059
146060 146110
146111 146155
146156 146194
146195 146219
146220 146248
146249 146266
146267 146325
146327 146378
146379 146437
146439 146465
146466 146519
146520 146574
146575 146665
146667 146698
146699 146783
146784 146785
146786 146880
146881 146898
146899 146949
146951 146996
146997 147166
147168 147420
147421 147552
147553 147876
147878 147942
147943 149021
149023 149621
149622 150313
150314 150400
150401 150431
150432 150519
150520 150615
150616 150796
150797 151308
151309 151472
151473 151528
151529 151606
151607 151916
151917 152059
152060 152452
152453 152684
152685 153155
153156 153549
153550 153932
153933 154442
154443 154878
154879 155322
155323 156160
156161 156793
156795 157091
157092 157263
157264 157638
157639 157853
157854 158242
158243 158488
158489 158875
158876 159087
159088 159328
159329 159457
159458 159514
159515 159783
159784 160088
160089 160260
160261 160520
160521 160695
160697 160881
160882 161125
161126 161433
161434 161581
161582 161831
161832 162073
162075 162268
162270 162401
162403 162707
162708 163480
163481 164616
164617 165037
165038 165176
165177 165420
165421 165749
165750 166508
166509 166580
166581 166988
166989 167079
167080 167212
167213 167361
167362 167526
167528 167720
167721 167851
167852 168405
168406 168636
168637 169497
169498 169640
169641 170056
170057 170666
170667 170832
170833 171276
171277 171522
171523 171688
171689 172035
172037 172219
172220 172560
172561 172751
172752 173626
173627 173704
173705 174111
174112 174201
174202 174339
174340 175556
175557 175646
175647 176129
176130 177063
177064 177372
177373 177537
177538 177604
177605 177606
177607 178287
178288 178289
178290 178301
178302 178303
178304 178407
178408 178465
178466 178515
178516 178559
178560 178605
178606 178652
178653 178984
178985 178986
178987 179041
179042 179145
179146 179163
179164 179190
179191 179229
179230 179322
179323 179341
179342 179358
179359 179394
179395 179445
179446 179520
179521 179624
179625 179644
179645 179678
179679 179838
179839 179889
179890 179916
179917 179933
179934 180037
180038 180048
180049 180086
180087 180130
180131 180154
180155 180165
180166 180203
180204 180244
180246 180269
180270 180417
180419 180499
180500 180516
180517 180587
180588 180604
180605 180637
180638 180659
180660 180710
180711 180742
180743 180757
180758 180776
180777 180805
180806 180824
180825 180854
180855 180882
180883 180910
180911 180947
180948 180972
180973 181013
181014 181038
181039 181057
181058 181075
181076 181092
181093 181116
181117 181131
181132 181177
181178 181196
181197 181211
181212 181260
181261 181281
181282 181306
181307 181328
181329 181351
181352 181372
181373 181399
181400 181435
181436 181516
181517 181518
181519 181616
181617 181856
181857 181893
181894 182671
182672 182783
182784 183038
183039 183075
183076 183159
183160 183220
183221 183271
183272 183384
183385 184066
184067 184160
184161 184282
184283 184473
184474 184584
184585 184779
184780 184927
184928 185353
185354 185446
185447 185531
185532 185653
185654 185729
185730 185774
185775 186125
186126 186215
186216 186327
186328 186602
186603 186999
187000 187069
187070 187254
187255 187326
187327 187521
187522 187605
187606 188016
188017 188214
188215 188320
188321 188485
188486 188628
188629 188725
188726 188825
188827 188867
188868 188901
188902 188917
188918 188952
188953 188992
188993 189036
189037 189419
189420 189524
189525 189569
189570 189695
189696 189760
189761 190805
190806 191906
191907 192544
192545 192640
192641 192834
192835 192893
192894 193020
193021 193102
193103 193303
193304 193416
193417 193508
193509 193624
193625 193828
193829 193896
193897 194234
194235 194350
194351 194588
194589 195269
195270 195391
195392 195522
195523 195569
195570 195654
195655 195694
195695 195818
195819 195870
195871 195940
195941 195977
195978 196086
196087 196134
196135 196331
196332 196460
196461 196526
196527 196590
196591 196669
196670 196777
196778 196936
196937 197154
197155 197253
197254 197371
197372 197645
197646 197687
197688 197770
197771 197901
197902 198003
198004 198376
198377 198447
198448 198535
198536 198792
198793 198839
198840 198930
198931 199221
199222 199277
199278 200083
200084 200146
200147 200287
200288 200351
200352 200426
200427 200517
200518 200993
200994 201070
201071 201147
201148 201736
201737 201844
201845 201890
201891 201966
201967 202769
202770 202808
202809 202840
202841 203128
203129 203179
203180 203260
203261 203344
203345 203797
203798 203979
203980 204029
204030 204334
204335 204402
204403 204699
204700 204730
204731 204784
204785 204871
204872 205180
205181 205302
205303 205369
205370 205768
205769 205840
205841 205909
205910 205984
205985 206058
206059 206371
206372 206420
206421 206454
206455 207041
207042 207105
207106 207166
207167 207224
207225 207443
207444 207495
207496 208105
208106 208148
208149 208189
208190 208224
208225 208584
208585 208658
208659 208985
208986 209052
209053 209128
209129 209168
209169 209707
209708 209757
209758 209802
209803 210143
210144 210190
210191 210340
210341 210395
210396 210423
210424 210820
210821 210881
210882 210921
210922 211010
211011 211111
211112 211289
211290 212359
212360 212398
212399 213120
213121 213332
213333 213370
213371 213460
213461 213547
213548 213674
213675 214526
214527 214615
214616 214649
214650 215111
215112 215185
215186 215231
215232 215270
215271 215592
215593 215667
215668 215762
215763 215853
215854 216147
216148 216202
216203 216239
216240 216889
216890 216947
216948 216992
216993 217040
217041 217553
217554 217581
217582 217669
217670 217817
217818 217930
217931 218224
218225 218274
218275 218310
218311 218352
218353 218662
218663 218776
218777 218828
218829 218872
218873 219729
219730 219794
219795 219855
219856 220096
220097 220187
220188 220511
220512 220558
220559 220607
220608 220654
220655 221158
221159 221212
221213 221362
221363 221408
221409 221471
221472 221548
221549 221608
221609 221940
221941 221998
221999 222043
222044 222101
222102 222963
222964 223095
223096 223155
223156 223213
223214 223311
223312 223359
223360 224646
224647 224698
224699 224850
224851 224972
224973 225043
225044 225094
225095 225165
225166 225279
225280 225348
225349 225442
225443 225719
225720 225791
225792 226013
226014 226085
226086 226164
226165 226206
226207 226285
226286 226385
226386 226532
226533 226719
226720 226760
226761 226855
226856 226995
226996 228126
228127 228274
228275 228353
228354 228449
228450 228738
228739 228819
228820 229056
229057 229467
229468 229595
229596 229694
229695 229696
229697 229786
229787 229852
229853 229951
229952 230071
230072 230175
230176 230180
230181 230261
230262 230316
230317 230384
230385 230443
230444 230538
230539 230563
230564 230675
230676 230891
230892 230932
230933 230972
230973 231029
231030 231059
231060 231204
231206 231298
231299 231758
231759 231932
231933 232044
232045 232099
232100 232706
232707 232918
232919 233053
233054 233128
233129 233249
233250 233805
233806 233953
233954 234301
234302 234585
234586 234752
234753 234847
234848 234999
235000 235125
235126 235325
235326 235405
235406 235593
235594 235941
235942 236000
236001 236242
236243 236503
236504 236625
236627 236928
236929 237009
237010 237190
237191 237241
237242 237311
237312 237350
237351 237499
237500 237580
237581 237650
237651 237702
237703 237863
237864 237959
237960 238063
238064 238152
238153 238205
238206 238369
238370 238531
238532 238632
238633 238821
238822 239727
239728 239790
239791 240040
240041 240244
240245 240345
240346 240460
240461 240826
240827 241026
241027 242058
242059 242223
242224 242353
242354 242730
242731 242875
242876 243045
243046 244032
244033 244086
244087 244232
244233 244321
244322 244505
244506 244655
244656 245008
245009 245105
245106 245758
245759 245826
245827 246063
246064 246231
246232 246278
246279 246354
246355 247102
247103 247444
247445 247503
247504 247564
247565 247666
247667 247736
247737 247823
247824 247900
247901 248103
248104 248735
248736 249193
249194 249337
249338 249747
249748 251038
251039 251180
251181 251947
251948 252028
252029 252277
252278 252496
252498 252618
252619 252677
252678 253078
253079 253121
253122 253182
253183 254451
254452 254552
254553 254746
254747 254945
254947 255464
255466 255543
255544 255589
255590 255709
255710 256102
256103 256163
256164 256555
256556 256655
256656 257505
257506 257637
257638 258192
258193 258232
258233 258443
258444 259013
259014 259094
259095 259252
259253 259331
259332 260553
260554 260664
260665 260946
260947 261741
261742 261820
261821 262195
262196 262290
262291 262603
262604 262636
262637 262775
262776 262844
262845 263342
263343 263652
263653 263727
263728 263911
263912 264008
264009 264129
264130 264189
264190 264518
264519 265022
265023 265565
265566 265654
265655 265732
265733 265823
265824 265869
265870 265954
265955 266026
266027 266147
266148 266397
266398 267960
267961 268280
268281 268324
268325 268500
268501 268585
268586 269407
269408 269917
269919 269984
269985 270641
270642 270744
270745 270961
270962 271050
271051 271101
271102 272030
272031 272147
272148 272751
272752 272931
272932 273023
273024 273480
273481 273530
273531 273656
273657 273784
273785 274950
274951 275044
275045 275708
275709 275789
275790 275883
275884 275964
275965 276574
276575 276736
276737 276878
276879 277086
277087 277742
277743 277834
277835 277976
277977 278225
278226 279085
279086 279317
279318 279896
279897 279975
279976 280081
280082 280807
280808 280913
280914 281849
281850 281965
281966 282749
282750 282812
282813 282896
282897 282952
282953 283008
283009 283236
283237 283801
283802 283994
283995 284094
284095 284238
284239 284528
284529 284721
284722 284815
284816 285264
285265 285397
285398 285494
285495 285638
285639 285688
285689 285784
285785 286027
286028 286120
286121 286218
286219 286420
286421 286595
286596 286704
286705 286906
286907 287091
287092 287186
287187 287384
287385 287479
287480 287671
287672 287988
287989 288108
288109 288258
288259 288448
288449 288590
288591 288639
288640 289067
289068 289107
289108 289239
289240 289812
289813 289880
289881 289935
289936 290081
290082 290274
290275 290824
290825 290937
290938 291394
291395 291464
291465 291809
291810 291933
291934 292256
292257 292376
292377 292805
292806 293057
293058 293240
293241 293544
293545 293652
293653 293768
293769 293843
293844 294212
294213 294378
294379 294795
294796 294883
294884 295455
295456 295606
295607 296099
296100 296186
296187 296301
296302 296483
296484 296711
296712 296825
296826 297250
297251 297326
297327 297417
297418 297464
297465 297880
297881 297990
297991 298250
298251 298397
298398 298492
298493 298593
298594 298628
298629 298765
298766 298927
298928 299081
299082 299626
299627 300095
300096 300235
300236 300359
300360 300628
300629 300814
300815 301376
301377 301580
301581 301805
301806 302044
302045 302138
302139 302265
302266 302780
302781 302837
302838 302925
302926 303008
303009 303053
303054 303290
303291 304613
304614 304683
304684 304792
304793 304869
304870 304921
304922 305000
305001 305095
305096 305509
305510 305587
305588 305767
305768 305949
305950 306191
306192 306524
306525 306706
306707 306762
306763 306894
306896 307041
307043 307231
307232 307528
307529 307869
307871 308111
308113 308586
308587 308803
308804 309030
309031 309164
309165 309348
309349 309413
309414 309447
309448 309495
309496 309529
309530 309573
309574 309608
309609 309640
309641 309674
309675 309788
309789 309990
309991 310051
310052 310340
310341 310651
310652 310804
310805 311401
311402 311531
311532 311593
311594 311916
311917 311966
311967 312638
312639 312704
312705 313020
313021 313141
313142 313210
313211 313570
313571 313662
313663 314140
314141 314328
314329 314573
314574 314665
314666 315224
315225 315324
315325 315432
315433 316061
316062 316154
316155 316735
316736 316902
316903 317050
317051 317141
317142 317509
317510 317645
317646 318132
318133 318232
318233 318898
318899 319041
319042 319205
319206 320155
320156 320238
320239 320289
320290 320394
320395 320984
320985 321175
321176 321335
321336 321489
321491 321929
321931 322156
322157 322610
322612 322724
322725 322942
322943 322984
322985 323014
323015 323078
323079 323255
323256 323356
323357 323415
323416 323535
323536 323625
323626 323700
323701 323775
323776 323865
323866 323964
323965 324443
324444 324929
324930 325228
325229 325448
325449 325826
325827 326155
326156 326534
326535 327189
327190 327328
327330 327479
327480 327536
327537 327592
327593 327697
327698 327782
327783 327898
327899 328194
328195 328556
328557 328827
328828 328983
328984 329343
329344 329477
329478 329813
329814 330044
330045 330285
330286 330402
330403 330846
330847 331026
331027 331352
331353 331429
331430 331585
331586 332326
332327 332410
332411 332504
332505 332668
332669 333152
333153 333289
333290 333362
333363 333445
333446 334358
334359 334529
334530 335110
335111 335277
335278 335761
335762 335938
335939 336249
336250 336330
336331 336434
336435 336900
336901 337213
337214 337320
337321 337490
337491 337581
337582 338378
338379 338568
338569 338682
338683 339248
339249 339361
339362 339555
339556 339640
339641 339738
339739 340029
340030 340583
340584 340723
340724 341422
341423 341543
341544 341778
341779 342812
342813 342997
342998 343382
343383 344498
344499 344564
344565 345941
345944 346043
346044 346073
346074 346128
346129 346197
346198 346243
346245 346499
346500 346862
346863 347589
347590 347674
347675 347846
347847 347924
347925 348618
348619 348849
348850 349469
349470 349591
349592 349772
349773 349993
349994 350841
350842 350928
350929 351225
351226 351349
351350 351734
351735 352754
352755 352971
352972 353020
353021 353285
353286 353511
353512 353860
353861 354056
354057 354453
354454 354584
354585 354958
354959 355051
355052 355099
355100 355258
355259 356027
356028 356198
356199 356780
356781 356976
356977 357344
357345 357452
357453 357656
357657 357890
357891 357961
357962 359056
359057 359220
359221 359549
359550 359813
359814 360022
360023 360152
360153 360710
360711 360804
360805 360806
360807 361065
361066 361079
361080 361097
361098 361115
361116 361133
361134 361157
361158 361222
361223 361283
361284 361325
361326 361375
361376 361708
361709 361965
361966 362074
362075 362146
362147 362181
362182 362198
362199 362262
362264 362477
362478 362522
362523 362601
362602 362670
362671 362848
362849 362948
362949 362965
362966 363055
363056 363121
363122 363220
363221 363340
363341 363342
363343 363442
363443 363473
363475 363619
363620 363811
363812 365096
365098 365206
365207 365405
365406 366125
366127 366573
366574 367197
367198 367936
367937 367992
367993 368148
368149 368592
368593 368677
368678 368794
368795 368827
