0 317
318 330
331 393
394 480
482 1038
1039 1132
1133 1134
1135 1393
1394 1407
1408 1425
1426 1443
1444 1461
1462 1485
1486 1550
1551 1611
1612 1653
1654 1703
1704 2036
2037 2293
2294 2402
2403 2474
2475 2509
2510 2526
2527 2591
2592 2805
2806 2850
2851 2928
2929 2997
2998 3175
3176 3275
3276 3292
3293 3382
3383 3448
3449 3547
3548 3667
3668 3669
3670 3769
3770 3800
3801 3946
3947 4138
4139 5423
5424 5533
5534 5732
5733 6452
6454 6900
6901 7524
7525 8263
8264 8319
8320 8475
8476 8919
8920 9004
9005 9439
9440 9525
9526 9618
9619 9672
9673 9758
9759 9836
9837 9976
9977 10036
10037 10576
10577 10712
10713 10977
10978 11087
11088 11790
11791 11979
11980 12197
12198 12258
12259 12315
12316 12409
12410 12485
12486 12559
12560 12683
12684 13248
13249 13370
13371 13487
13488 13540
13541 13768
13769 14146
14147 14684
14685 14811
14812 15025
15026 15096
15097 16148
16149 16242
16243 16333
16334 16447
16448 16913
16914 17000
17001 17163
17164 18384
18385 18557
18558 18689
18690 18784
18785 18896
18897 19075
19076 19123
19124 19220
19221 19492
19493 19540
19541 19626
19627 19798
19799 19852
19853 19926
19927 20507
20508 20621
20622 20736
20737 20865
20866 20931
20932 21020
21021 21923
21924 22084
22085 22190
22191 22323
22324 22454
22455 23176
23177 23345
23346 23440
23441 23475
23476 23517
23518 23546
23547 23608
23609 23705
23706 24550
24551 25320
25321 25446
25447 25517
25518 25621
25622 25680
25681 26334
26335 26379
26380 26732
26733 26890
26891 26954
26955 27542
27543 27590
27591 27690
27691 27822
27823 27963
27964 28009
28010 28501
28502 28609
28610 29144
29145 29312
29313 29524
29525 29602
29603 29740
29741 30159
30160 30239
30240 30282
30283 30294
30295 30306
30307 30350
30351 30373
30374 30388
30389 30402
30403 30452
30453 30480
30481 30512
30513 30534
30535 30569
30570 30592
30593 30898
30900 30954
30955 31036
31037 31116
31117 31162
31163 31226
31227 31472
31473 31520
31521 31591
31592 31747
31748 31809
31810 31864
31865 31915
31916 32032
32033 32190
32191 32251
32252 32514
32516 32777
32778 32934
32935 33029
33030 33200
33201 33264
33265 33360
33361 33435
33436 33515
33516 33617
33618 33764
33765 33842
33843 34073
34074 34108
34109 34295
34296 34369
34370 34425
34426 34492
34493 34648
34649 34779
34780 34869
34870 34930
34931 34980
34981 35042
35043 35473
35474 35529
35530 35585
35586 35698
35699 35869
35870 35916
35917 36040
36041 36348
36349 36460
36461 36773
36774 36857
36858 37057
37058 37645
37646 37745
37746 37789
37790 38383
38384 38443
38444 38494
38495 38538
38539 38598
38599 38650
38651 38715
38716 38868
38869 38944
38945 39145
39146 39264
39265 39721
39722 39849
39850 39993
39994 40084
40085 40176
40177 40322
40323 40702
40703 40777
40778 40897
40898 41016
41017 41063
41064 41121
41122 41628
41629 41823
41824 41924
41925 41994
41995 42140
42141 42283
42284 42399
42400 42555
42556 42742
42743 42894
42895 42980
42981 43022
43023 43128
43129 43586
43589 43721
43723 44088
44089 44104
44105 44182
44183 44262
44263 44315
44316 44423
44424 44538
44539 44588
44589 44746
44747 44887
44888 44975
44976 45045
45046 45178
45179 45460
45461 45576
45577 45640
45641 45699
45700 45774
45775 45915
45916 46745
46746 46831
46832 47172
47173 47235
47236 47350
47351 47458
47459 47557
47558 47624
47625 47738
47739 47840
47841 47958
47959 48037
48038 48080
48081 48147
48148 48214
48215 48300
48301 49365
49366 49463
49464 49706
49707 49752
49753 49805
49806 49885
49886 49936
49937 49991
49992 50219
50220 50278
50279 50346
50347 50515
50516 50596
50597 50709
50710 50992
50993 51137
51138 51213
51214 51280
51281 51333
51334 51382
51383 51452
51453 51579
51580 51893
51894 51969
51970 52049
52050 52239
52240 52312
52313 52437
52438 52554
52555 55308
55309 55545
55546 55570
55572 55714
55715 55799
55800 55845
55846 55913
55914 55982
55983 56048
56049 56477
56478 56605
56606 56694
56695 56861
56862 57013
57014 57062
57063 57210
57211 57271
57272 57668
57669 57763
57764 58119
58120 58165
58166 58219
58220 58257
58258 58343
58344 58376
58377 58489
58490 58615
58616 58825
58826 58876
58877 58924
58925 59074
59075 59169
59170 59241
59242 59291
59292 59423
59424 59479
59480 59562
59563 59640
59641 59685
59686 59730
59731 59909
59910 60061
60062 60341
60342 60391
60392 60575
60576 60638
60639 60694
60695 61054
61055 61113
61114 61466
61467 61580
61581 61647
61648 61737
61738 61922
61923 62000
62001 63269
63270 63334
63335 65318
65319 65378
65379 65616
65617 65722
65724 65798
65799 65814
65815 65849
65850 65889
65890 65933
65934 66316
66317 66466
66467 66592
66593 66657
66658 66847
66848 66961
66962 67463
67464 67635
67636 68066
68067 68163
68165 68353
68355 68672
68673 68771
68773 68943
68944 69322
69323 69414
69416 69599
69601 70963
70964 71050
71051 71118
71120 71447
71448 71556
71557 72163
72164 72506
72507 72516
72517 72566
72567 72884
72885 72887
72888 72931
72932 73864
