0 132
133 243
244 427
428 553
554 740
741 826
827 1562
1563 1884
1885 2014
2015 2071
2072 2294
2295 2846
2847 3044
3045 3064
3065 3081
3082 3129
3130 3154
3155 3310
3311 3615
3616 3638
3639 3664
3665 3707
3708 3730
3731 3917
3918 4450
4451 4518
4519 5147
5148 5328
5329 6235
6236 6354
6355 6481
6482 6996
6997 7107
7108 7642
7643 7787
7788 8554
8555 8956
8957 9044
9045 9444
9445 9614
9615 10034
10035 10115
10116 10182
10183 10254
10255 10422
10423 10698
10699 10891
10892 10963
10964 11144
11145 11263
11264 11308
11309 11473
11474 11540
11541 11596
11597 11643
11644 11756
11757 12226
12227 12474
12475 12515
12516 12751
12752 12907
12908 13228
13229 14818
14819 14914
14915 15078
15079 15156
15157 15268
15269 15435
15436 15504
15505 15585
15586 15656
15657 15797
15798 16518
16519 16603
16604 16656
16657 16709
16710 17324
17325 17405
17406 18411
18412 18601
18602 19028
19029 19559
19560 19827
19828 19917
19918 20024
20025 20077
20078 20234
20235 20946
20947 21207
21208 21409
21410 21538
21539 21815
21816 21986
21987 22173
22174 22377
22378 22516
22517 22613
22614 22898
22899 23224
23225 23258
23259 23736
23737 24069
24070 24300
24301 24409
24410 24499
24500 24920
24921 25987
25988 26397
26398 26988
26989 27081
27082 27127
27128 27241
27242 27308
27309 27355
27356 27378
27379 27442
27443 27578
27579 28038
28039 28070
28071 28104
28105 28135
28136 28165
28166 28169
28170 28226
28227 28254
28255 28309
28310 28340
28341 28371
28372 28395
28396 28414
28415 28467
28468 28492
28493 28574
28575 28605
28606 28637
28638 28665
28666 28705
28706 28728
28729 28763
28764 28776
28777 28797
28798 28855
28856 28875
28876 28944
28945 29044
29045 29061
29062 29158
29159 29184
29185 29220
29221 29470
29471 29561
29562 29578
29579 29711
29712 29911
29912 29950
29951 29987
29988 30136
30138 30203
30204 30307
30308 30312
30313 30392
30393 31062
31063 31165
31166 31290
31291 31438
31439 31480
31481 31540
31541 31588
31589 31703
31704 31740
31741 31795
31796 31915
31916 31936
31937 31993
31994 32084
32085 32161
32162 32225
32226 32260
32261 32298
32299 32339
32340 32434
32435 32541
32542 32682
32683 32684
32685 32786
32787 32905
32906 33045
33046 33167
33168 33296
33297 33354
33355 33434
33435 33633
33634 33697
33698 33854
33855 33989
33990 34024
34025 34118
34119 34180
34181 34269
34270 34275
34276 34480
34481 34649
34650 35243
35244 35345
35346 35906
35907 36595
36596 36872
36873 36943
36944 37003
37004 37059
37060 37129
37130 37475
37476 38187
38188 39372
39373 39486
39487 39550
39551 39631
39632 39785
39786 40751
40752 41052
41053 41093
41094 41201
41202 41290
41291 41388
41389 41470
41471 42492
42493 42566
42567 42824
42825 43679
43680 43833
43834 43930
43931 43991
43992 44054
44055 44117
44118 45536
45537 45636
45637 45991
45992 46088
46089 46264
46265 46952
46953 47169
47170 47784
47785 47982
47983 49734
49735 49811
49812 50599
50600 50743
50744 51392
51393 51504
51505 51590
51591 51867
51868 52319
52320 52384
52385 53202
53203 53325
53326 54160
54161 54226
54227 54501
54502 54607
54608 55542
55543 55774
55775 55920
55921 56714
56715 56921
56922 57087
57088 58728
58729 58998
58999 59177
59178 59375
59376 60231
60232 62092
62093 62235
62236 63007
63008 63083
63084 63455
63456 64437
64438 64501
64502 66497
66498 66892
66893 67159
67160 67209
67210 69211
69212 69721
69722 71074
71075 71443
71444 71954
71956 72120
72121 72889
72890 72980
72981 73022
73023 73056
73057 73072
73073 73107
73108 73147
73148 73191
73192 73574
73575 73679
73680 73724
73725 73850
73851 73915
73916 74097
74098 74162
74163 74164
74165 74177
74178 74249
74250 74332
74333 74380
74381 74400
74401 74425
74426 74434
74435 74444
74445 74496
74497 74689
74690 74706
74707 74848
74849 74850
74851 74862
74863 74864
74865 75546
75547 75548
75549 75603
75604 75706
75707 75794
75795 75815
75816 75847
75848 75897
75898 75947
75948 75977
75978 76010
76011 76169
76170 76220
76221 76261
76262 76331
76332 76348
76349 76848
76849 77223
77224 77230
77231 77328
77329 77408
77409 77431
77432 77479
77480 77612
77613 77725
77726 77828
77829 77860
77862 78662
78664 78722
78723 78820
78821 78891
78893 78936
78937 78996
78997 79046
79047 79262
79263 79395
79396 79467
79468 79519
79520 79589
79590 79656
79657 79716
79717 79778
79779 79962
79963 80495
80496 81610
81611 81737
81738 81785
81786 81874
81875 81939
81940 82149
82150 82638
82639 82697
82698 83450
83451 83631
83632 83827
83828 84160
84161 84482
84483 84675
84676 84786
84787 85042
85043 85379
85380 86166
86167 87001
87002 87421
87422 87540
87541 87606
87607 87659
87660 87746
87747 88104
88105 88184
88185 88254
88255 88521
88522 89011
89012 89076
89077 89125
89126 89525
89526 89633
89634 90074
90075 90241
90242 90696
90697 91614
91615 91694
91695 92312
92313 92403
92404 92443
92444 92530
92531 92628
92629 92746
92747 93019
93020 93371
93372 94058
94059 94155
94156 94270
94271 94489
94490 94569
94570 94913
94914 95025
95026 95273
95274 95489
95490 95575
95576 95683
95684 95752
95753 96006
96007 96076
96078 96370
96371 96470
96471 96593
96594 96766
96767 96974
96975 97023
97024 97171
97172 97346
97347 97578
97579 97795
97796 98021
98022 98122
98123 98308
98309 98373
98374 98436
98437 98511
98512 98731
98732 99344
99345 99421
99422 99509
99510 99686
99687 99793
99794 99922
99923 100132
100133 100192
100193 100664
100665 100851
100852 101133
101134 101331
101332 101413
101414 101849
101850 102432
102433 102696
102697 102780
102781 102866
102867 102990
102991 103273
103274 103408
103409 103615
103616 103797
103798 103911
103912 104066
104067 104252
104253 104808
104809 105300
105301 105985
105986 106115
106116 106214
106215 106275
106276 106307
106308 106336
106337 106357
106358 106381
106382 106408
106409 106436
106437 106470
106471 106731
106732 106980
106981 107028
107029 107247
107248 107335
107336 107364
107365 107411
107412 107462
107463 107559
107560 107605
107606 107757
107758 107788
107789 108077
108078 108163
108164 108768
108769 109523
109524 109573
109574 109642
109643 109721
109722 109749
109750 109841
109842 110499
110500 110668
110669 111383
111384 111484
111485 111549
111551 111599
111600 111640
111641 111688
111689 111904
111905 112037
112038 112109
112110 112161
112162 112231
112232 112298
112299 112393
112394 112462
112463 112558
112559 112644
112645 112661
112662 112686
112687 112700
112701 112750
112751 112771
112772 112791
112792 112818
112819 112863
112864 112895
112896 112923
112924 112955
112956 112967
112968 112980
112981 112994
112995 113003
113004 113026
113027 113062
113063 113086
113087 113102
113103 113114
113115 113133
113134 113147
113148 113160
113161 113191
113192 113209
113210 113235
113236 113253
113254 113287
113288 113308
113309 113332
113333 113350
113351 113368
113369 113390
113391 113422
113423 113438
113439 113453
113454 113542
113543 113594
113595 113608
113609 113626
113627 113652
113654 113695
113697 113810
113811 113827
113828 113913
113914 113965
113966 114001
114002 114028
114029 114047
114048 114066
114067 114095
114096 114302
114303 114356
114357 114378
114379 114407
114408 114438
114439 114453
114454 114473
114474 114495
114496 114513
114514 114568
114569 114597
114598 114634
114635 114690
114691 114827
114828 114907
114908 114932
114933 115012
115013 115053
115054 115113
115114 115141
115142 115178
115179 115225
115226 115253
115254 115273
115274 115300
115301 115342
115343 115379
115380 115564
115565 115584
115585 115687
115688 115790
115791 115869
115870 115884
115887 115959
115960 115975
115977 116064
116065 116080
116082 116162
116163 116266
116268 116282
116284 116341
116342 116356
116359 116450
116451 116533
116534 116536
116537 116635
116636 117084
117085 117189
117190 117220
117221 117243
117244 117255
117256 117267
117268 117277
117278 117300
117301 117311
117312 117334
117335 117349
117350 117363
117364 117373
117374 117396
117397 117413
117414 117441
117442 117461
117462 117473
117474 117495
117496 117530
117531 117553
117554 117651
117652 117702
117703 118378
118379 118842
118843 119056
119057 119144
119145 119256
119257 119400
119401 119475
119476 119573
119574 119689
119690 119728
119729 119958
119959 120020
120021 120105
120107 120173
120174 120272
120273 120356
120358 120560
120561 120737
120738 120861
120862 120917
120918 120978
120979 121123
121124 121674
121675 121848
121849 122629
122630 122779
122780 123272
123273 123463
123464 123728
123729 123833
123834 124461
124462 124556
124557 124691
124692 124796
124797 125378
125379 125511
125512 126021
126022 126128
126129 127053
127054 127648
127649 127695
127696 127744
127745 128321
128322 128358
128359 128394
128395 128776
128777 128826
128827 128880
128881 129612
129613 129649
129650 129686
129687 130914
130915 131017
131018 131165
131166 131251
131252 132140
132141 132260
132261 132373
132374 132775
132776 133680
133681 133869
133870 135167
135168 136144
136145 136371
136372 136447
136448 136570
136571 136676
136677 136723
136724 136839
136840 137085
137086 137434
137435 137651
137653 137770
137772 137898
137899 138206
138207 138474
138475 138541
138542 138633
138634 138680
138681 138763
138764 138872
138873 138927
138928 138990
138991 139060
139061 139251
139252 139339
139340 139778
139779 140149
140150 140271
140272 140369
140370 140420
140421 140813
140814 140984
140985 141178
141179 141284
141285 141409
141410 141452
141453 141575
141576 141656
141657 141723
141724 141867
141868 142486
142487 143137
143138 143350
143352 143658
143659 143755
143756 144165
144166 144504
144505 144565
144566 145110
145111 145260
145262 145340
145341 145487
145488 145842
145843 145903
145904 145955
145956 146040
146041 146098
146099 146239
146240 146262
146263 146334
146335 146438
146439 146804
146805 147411
147412 147834
147835 147959
147960 148075
148076 148314
148315 148798
148799 149053
149054 149137
149138 149218
149219 149266
149267 149419
149420 149445
149446 149568
149569 149640
149641 149926
149927 150080
150081 150186
150187 150338
150339 150429
150430 150920
150921 151461
151462 151522
151523 151603
151604 151674
151675 151741
151742 151871
151872 152041
152042 152687
152688 152753
152754 152900
152901 152996
152997 153055
153056 153446
153447 153518
153519 153566
153567 153635
153636 153851
153852 154661
154662 155041
155042 155206
155207 155335
155336 155546
155547 155626
155627 155898
155899 156261
156262 156401
156402 156502
156503 156724
156725 158341
158342 158898
158899 159361
159362 159555
159556 159686
159687 159811
159812 160025
160026 160146
160147 160476
160477 160546
160547 160725
160726 160826
160827 161111
161112 161167
161168 161276
161277 161561
161562 161995
161996 162144
162145 162409
162410 162576
162577 162656
162657 162826
162827 163101
163102 163211
163212 163371
163372 163629
163630 163948
163949 164065
164066 164281
164282 164740
164741 164796
164797 165074
165075 165338
165339 165458
165459 165858
165859 165909
165910 166000
166001 166096
166097 166181
166182 166233
166234 166320
166321 166414
166415 166503
166504 166598
166599 166771
166772 167036
167037 167111
167112 167225
167226 167298
167299 167371
167372 167468
167469 167529
167530 167648
167649 167682
167683 167718
167719 167722
167723 167888
167889 167977
167978 167979
167980 168068
168069 168116
168117 168148
168149 168176
168177 168201
168202 168238
168239 168262
168263 168303
168304 168367
168368 168403
168404 168542
168543 168569
168570 168590
168591 168598
168599 168729
168730 168746
168747 168866
168867 169006
169007 169128
169129 169237
169238 169283
169284 169352
169353 169413
169414 169497
169498 169514
169515 169654
169655 169710
169711 169769
169771 169826
169827 169904
169905 169978
169979 170037
170038 170139
170140 170156
170157 170244
170245 170265
170266 170297
170298 170347
170348 170397
170398 170427
170428 170460
170461 170619
170620 170670
170671 170711
170712 170785
170786 170881
170882 170939
170941 170980
170981 171132
171133 171244
171245 171418
171419 171529
171530 171614
171615 171838
171839 172297
172298 172722
172723 173788
173789 175177
175178 175403
175404 175445
175446 175658
175659 175849
175850 176308
176309 176599
176600 177068
177069 177524
177525 177782
177783 178024
178025 178286
178287 178709
178710 178792
178793 178892
178893 178975
178976 179007
179008 179056
179057 179124
179125 179207
179208 179292
179293 179382
179383 179414
179415 179519
179520 179522
179523 179649
179650 179703
179704 179758
179759 179829
179830 179887
179888 179956
179957 180012
180013 180149
180150 180166
180167 180666
180667 180683
180684 180730
180731 180820
180821 180849
180850 180927
180928 181054
181055 181122
181123 181284
181285 181312
181313 181333
181334 181351
181352 181386
181387 181404
181405 181479
181480 181500
181501 181536
181537 181683
181684 181700
181701 181840
181841 181868
181869 181939
181940 182005
182006 182092
182093 182182
182183 182218
182219 182250
182251 182325
182326 182342
182343 182406
182407 182621
182622 182666
182667 182745
182746 182814
182815 182992
182993 183092
183093 183094
183095 183191
183192 183195
183196 183206
183207 183273
183274 183296
183297 183337
183338 183368
183370 183939
183940 183977
183978 184014
184015 184054
184055 184084
184085 184260
184261 184351
184352 184409
184410 184434
184435 184475
184476 184525
184526 184554
184555 184592
184593 184641
184642 184698
184699 184716
184717 184788
184789 184890
184891 184991
184992 185021
185022 185106
185107 185274
185275 185309
185310 185356
185357 185395
185396 185470
185471 185533
185534 185597
185598 185733
185734 185830
185831 185857
185858 185938
185939 185979
185980 186051
186052 186073
186074 186134
186135 186189
186190 186222
186223 186257
186258 186289
186290 186331
186332 186377
186378 186430
186431 186459
186460 186511
186512 186577
186578 186626
186627 186702
186703 186760
186761 186842
186843 186898
186899 186930
186931 186963
186964 187072
187073 187107
187108 187324
187325 187345
187346 187380
187381 187598
187599 187696
187697 187721
187722 187853
187854 187912
187913 187921
187922 187935
187936 187983
187984 188033
188034 188073
188074 188102
188103 188122
188123 188157
188158 188174
188175 188193
188194 188233
188234 188269
188270 188309
188310 188338
188339 188358
188359 188398
188399 188422
188423 188441
188442 188481
188482 188511
188512 188551
188552 188582
188583 188622
188623 188653
188654 188693
188694 188717
188718 188836
188837 188860
188861 188880
188881 188893
188894 188913
188914 188937
188938 188955
188956 188967
188968 189053
189054 189101
189102 189133
189134 189156
189157 189183
189184 189201
189202 189225
189226 189251
189252 189350
189351 189473
189474 189654
189655 189746
189747 189812
189813 189846
189847 189871
189872 189937
189938 189975
189976 190023
190024 190115
190116 190143
190144 190269
190270 190353
190354 190449
190450 190541
190542 190567
190568 190634
190635 190687
190688 190762
190763 190847
190848 190966
190967 191004
191005 191050
191051 191111
191112 191153
191154 191257
191258 191495
191496 191734
191735 191767
191768 191812
191813 191859
191860 191894
191895 191996
191997 192043
192044 192073
192074 192096
192097 192133
192134 192177
192178 192236
192237 192289
192290 192327
192328 192351
192352 192428
192429 192595
192596 192659
192660 192693
192694 192781
192782 192828
192829 192892
192893 192923
192924 192960
192961 193031
193032 193184
193185 193228
193229 193425
193426 193506
193507 193554
193555 193728
193729 193796
193797 193980
193981 194064
194065 194095
194096 194303
194304 194448
194449 194545
194546 194593
194594 194633
194634 194667
194668 194866
194867 195261
195262 195321
195322 195385
195386 195421
195422 195566
195567 195626
195627 195652
195653 195808
195809 195941
195942 196171
196172 196213
196214 196266
196267 196327
196328 196381
196382 196416
196417 196591
196592 196646
196647 196737
196738 196770
196771 196966
196967 197008
197009 197317
197318 197365
197366 197449
197450 197478
197479 197569
197570 197617
197618 197651
197652 197742
197743 197854
197855 197909
197910 198015
198016 198042
198043 198140
198141 198202
198203 198269
198270 198329
198330 198494
198495 198537
198538 198573
198574 198635
198636 198662
198663 198770
198771 198887
198888 198948
198949 199006
199007 199053
199054 199099
199100 199130
199131 199200
199201 199247
199248 199294
199295 199324
199325 199347
199348 199391
199392 199449
199450 199596
199597 199670
199671 199705
199706 199797
199798 199878
199879 199936
199937 199994
199995 200027
200028 200164
200165 200273
200274 200307
200308 200398
200399 200481
200482 200725
200726 200770
200771 200795
200796 200854
200855 200900
200901 200942
200943 200994
200995 201029
201030 201196
201197 201248
201249 201423
201424 201575
201576 201790
201791 201882
201883 201918
201919 201963
201964 201996
201997 202085
202086 202121
202122 202202
202203 202242
202243 202263
202264 202319
202320 202368
202369 202440
202441 202615
202616 202913
202914 202994
202995 203040
203041 203113
203114 203164
203165 203207
203208 203253
203254 203312
203313 203500
203501 203656
203657 203698
203699 203725
203726 203763
203764 203794
203795 203815
203816 203867
203868 203953
203954 204069
204070 204207
204208 204274
204275 204372
204373 204447
204448 204504
204505 204541
204542 204713
204714 204742
204743 204789
204790 204830
204831 204927
204928 204968
204969 204985
204986 205007
205008 205040
205041 205077
205078 205101
205102 205126
205127 205139
205140 205189
205190 205287
205288 205307
205308 205337
205338 205366
205367 205452
205453 205501
205502 205607
205608 205627
205628 205676
205677 205704
205705 205750
205751 205778
205779 205839
205840 205935
205936 205953
205954 205997
205998 206029
206030 206100
206101 206135
206136 206166
206167 206265
206266 206314
206315 206357
206358 206382
206383 206459
206460 206537
206538 206718
206719 206782
206783 206829
206830 206860
206861 206886
206887 206946
206947 206989
206990 207119
207120 207422
207423 208205
208206 208386
208387 208834
208835 208922
208923 209057
209058 209172
209173 209282
209283 209345
209346 209395
209396 209482
209483 209630
209631 209662
209663 209715
209716 209783
209784 209872
209873 210008
210009 210064
210065 210098
210099 210164
210165 210216
210217 210252
210253 210334
210335 210399
210400 210482
210483 210544
210545 210622
210623 210741
210742 210819
210820 210956
210957 211004
211005 211056
211057 211147
211148 211183
211184 211257
211258 211344
211345 211452
211453 211574
211575 211618
211619 211659
211660 211724
211725 211756
211757 211855
211856 211969
211970 212126
212127 212156
212157 212187
212188 212238
212239 212283
212284 212355
212356 212467
212468 212679
212680 212769
212770 212921
212922 212973
212974 212999
213000 213114
213115 213159
213160 213184
213185 213332
213333 213396
213397 213516
213517 213609
213610 213667
213668 213706
213707 213746
213747 213832
213833 213883
213884 213905
213906 214138
214139 214195
214196 214250
214251 214276
214277 214321
214322 214356
214357 214493
214494 214522
214523 214593
214594 214626
214627 214685
214686 214712
214713 214738
214739 214786
214787 214816
214817 214863
214864 214895
214896 214923
214924 214984
214985 215031
215032 215068
215069 215190
215191 215212
215213 215296
215297 215312
215313 215363
215364 215446
215447 215550
215551 215632
215633 215793
215794 215862
215863 215887
215888 215920
215921 215995
215996 216082
216083 216137
216138 216239
216240 216287
216288 216516
216517 216591
216592 216624
216625 216711
216712 216938
216939 217048
217049 217126
217127 217248
217249 217310
217311 217339
217340 217441
217442 217479
217480 217527
217528 217564
217565 217594
217595 217705
217706 217767
217768 217820
217821 217866
217867 217916
217917 218008
218009 218115
218116 218153
218154 218253
218254 218288
218289 218343
218344 218454
218455 218502
218503 218581
218582 218777
218778 218858
218859 218901
218902 219128
219129 219173
219174 219214
219215 219276
219277 219340
219341 219473
219474 219554
219555 219843
219844 219861
219862 219879
219880 219958
219959 220000
220001 220045
220046 220215
220216 220347
220348 220549
220550 220604
220605 220622
220623 220649
220650 220694
220695 220782
220783 220795
220796 220820
220821 220847
220848 220912
220913 220962
220963 220999
221000 221047
221048 221075
221076 221125
221126 221169
221170 221210
221211 221256
221257 221335
221336 221366
221367 221395
221396 221509
221510 221534
221535 221591
221592 221685
221686 221712
221713 221746
221747 221770
221771 221833
221834 221907
221908 221934
221935 221972
221973 222109
222110 222191
222192 222396
222397 222437
222438 222483
222484 222507
222508 222544
222545 222803
222804 222863
222864 222897
222898 222992
222993 223062
223063 223085
223086 223134
223135 223155
223156 223229
223230 223267
223268 223328
223329 223409
223410 223504
223505 223635
223636 223788
223789 223827
223828 223861
223862 223912
223913 224003
224004 224042
224043 224130
224131 224200
224201 224292
224293 224418
224419 224525
224526 224588
224589 224646
224647 224672
224673 224718
224719 224814
224815 224839
224840 224858
224859 224881
224882 224953
224954 224992
224993 225031
225032 225057
225058 225157
225158 225229
225230 225270
225271 225368
225369 225429
225430 225459
225460 225476
225477 225528
225529 225566
225567 225603
225604 225662
225663 225713
225714 225806
225807 225884
225885 225961
225962 226081
226082 226137
226138 226258
226259 226326
226327 226436
226437 226540
226541 226608
226609 226635
226636 226689
226690 226727
226728 226830
226831 226857
226858 226962
226963 226986
226987 227023
227024 227044
227045 227174
227175 227208
227209 227286
227287 227364
227365 227449
227450 227553
227554 227639
227640 227827
227828 227891
227892 227942
227943 228000
228001 228053
228054 228097
228098 228144
228145 228193
228194 228266
228267 228344
228345 228392
228393 228439
228440 228505
228506 228621
228622 228726
228727 228772
228773 228830
228831 228890
228891 228999
229000 229053
229054 229120
229121 229229
229230 229261
229262 229302
229303 229383
229384 229554
229555 229871
229872 229968
229969 230053
230054 230194
230195 230262
230263 230349
230350 230429
230430 230449
230450 230619
230620 230690
230691 230805
230806 230912
230913 231112
231113 231228
231229 231295
231296 231338
231339 231423
231424 231559
231560 231627
231628 231691
231692 231778
231779 231819
231820 231923
231924 231996
231997 232264
232265 232370
232371 232451
232452 232505
232506 232533
232534 232573
232574 232639
232640 232698
232699 232741
232742 232872
232873 232921
232922 233012
233013 233057
233058 233126
233127 233333
233334 233396
233397 233439
233440 233661
233662 233964
233965 234149
234150 234310
234311 234549
234550 234898
234899 234956
234957 234986
234987 235023
235024 235090
235091 235120
235121 235155
235156 235235
235236 235297
235298 235353
235354 235385
235386 235410
235411 235462
235463 235509
235510 235552
235553 235600
235601 235704
235705 235759
235760 235856
235857 235927
235928 235972
235973 236030
236031 236074
236075 236142
236143 236276
236277 236334
236335 236373
236374 236412
236413 236459
236460 236511
236512 236537
236538 236598
236599 236638
236639 236679
236680 236726
236727 236819
236820 236867
236868 236907
236908 236946
236947 236987
236988 237019
237020 237062
237063 237117
237118 237172
237173 237221
237222 237279
237280 237374
237375 237523
237524 237656
237657 237691
237692 237736
237737 237959
237960 238049
238050 238111
238112 238203
238204 238260
238261 238349
238350 238417
238418 238470
238471 238525
238526 238599
238600 238629
238630 238661
238662 238758
238759 238880
238881 239019
239020 239379
239380 239731
239732 239807
239808 239836
239837 239865
239866 239905
239906 239971
239972 240062
240063 240267
240268 240344
240345 240480
240481 240522
240523 240569
240570 240606
240607 240647
240648 240683
240684 240770
240771 240803
240804 240859
240860 240893
240894 240931
240932 240993
240994 241032
241033 241090
241091 241123
241124 241156
241157 241325
241326 241370
241371 241421
241422 241455
241456 241550
241551 241673
241674 241704
241705 241816
241817 241864
241865 241932
241933 242105
242106 242202
242203 242329
242330 242409
242410 242446
242447 242515
242516 242612
242613 242684
242685 242774
242775 242806
242807 242956
242957 242993
242994 243176
243177 243241
243242 243300
243301 243337
243338 243484
243485 243593
243594 243914
243915 244030
244031 244333
244334 244419
244420 244502
244503 245003
245004 245070
245071 245146
245147 245282
245283 245320
245321 245361
245362 245375
245376 245467
245468 245494
245495 245562
245563 245585
245586 245651
245652 245755
245756 245814
245815 245852
245853 245903
245904 246004
246005 246048
246049 246274
246275 246372
246373 246475
246476 246575
246576 246727
246728 246758
246759 246816
246817 247239
247240 247293
247294 247428
247429 247563
247564 247678
247679 247790
247791 247834
247835 247966
247967 248018
248019 248072
248073 248109
248110 248165
248166 248214
248215 248263
248264 248511
248512 248617
248618 248673
248674 248788
248789 249188
249189 249235
249236 249395
249396 249427
249428 249650
249651 249682
249683 249713
249714 249743
249744 249914
249915 250014
250015 250016
250017 250105
250106 250133
250134 250195
250196 250273
250274 250297
250298 250319
250320 250358
250359 250383
250384 250410
250411 250441
250442 250464
250465 250510
250511 250559
250560 250605
250606 250710
250711 250783
250784 250822
250823 250876
250877 250900
250901 250921
250922 250949
250950 251070
251071 251108
251109 251138
251139 251163
251164 251176
251177 251193
251194 251256
251257 251285
251286 251388
251389 251478
251479 251533
251534 251550
251551 251715
251716 251876
251878 251925
251926 252033
252034 252104
252105 252135
252136 252146
252147 252159
252160 252172
252173 252198
252199 252208
252209 252235
252236 252250
252251 252292
252293 252336
252337 252358
252359 252367
252368 252388
252389 252407
252408 252448
252450 252483
252485 252519
252520 252552
252553 252797
252798 252908
252909 252952
252953 252969
252970 253023
253024 253068
253069 253158
253159 253309
253310 253458
253459 253547
253548 253649
253650 253674
253675 253691
253692 253699
253700 253725
253726 253740
253741 253767
253769 253784
253785 253798
253799 253824
253825 253846
253847 253874
253875 253912
253914 253924
253925 253960
253961 253982
253983 253997
253998 254023
254026 254045
254046 254112
254113 254147
254148 254177
254178 254195
254196 254216
254217 254234
254235 254305
254307 254322
254323 254338
254339 254355
254356 254400
254402 254431
254432 254437
254438 254450
254451 254458
254459 254469
254470 254501
254502 254513
254514 254526
254527 254574
254575 254585
254586 254599
254600 254699
254700 254774
254775 254791
254792 254855
254856 255070
255071 255115
255116 255194
255195 255263
255264 255441
255442 255541
255542 255562
255563 255619
255620 255710
255711 255787
255788 255851
255852 255886
255887 255924
255925 255965
255966 256060
256061 256167
256168 256308
256309 256310
256311 256406
256407 256600
256602 256875
256876 257842
257843 259259
259260 259634
259635 259721
259722 259736
259737 259838
259839 259853
259854 259923
259924 259946
259947 259999
260000 260063
260064 260083
260084 260144
260145 260171
260172 260214
260215 260240
260241 260282
260283 260302
260303 260315
260316 260330
260331 260354
260355 260376
260377 260404
260405 260418
260419 260434
260435 260474
260475 260503
260504 260541
260542 260563
260564 260617
260618 260698
260699 260770
260771 261035
261036 261171
261172 261241
261242 261353
261354 261488
261489 261589
261590 261688
261689 261840
261841 262002
262003 262573
262574 262681
262682 262860
262861 262936
262937 262974
262975 263198
263199 263499
263500 263561
263562 263676
263677 263800
263801 263942
263943 264024
264025 264176
264177 264252
264253 264580
264581 264649
264650 264704
264705 264787
264788 264850
264851 264982
264983 265083
265084 265206
265207 265375
265376 265556
265557 265673
265674 265805
265806 265982
265983 266043
266044 266227
266228 266358
266359 266673
266674 266911
266912 266967
266968 267077
267078 267135
267136 267195
267196 267235
267236 267251
267252 267298
267299 267318
267319 267340
267341 267422
267423 267502
267503 267641
267642 267709
267710 267801
267802 267841
267842 267893
267894 267937
267938 267997
267998 268131
268132 268257
268258 268342
268343 268467
268468 268576
268577 268634
268635 268703
268704 268909
268910 269015
269016 269184
269185 269442
269443 269511
269512 269586
269587 269712
269713 269857
269858 270395
270396 270490
270491 270565
270566 270640
270641 270709
270710 270768
270769 270834
270835 270936
270937 271021
271022 271052
271053 271163
271164 271339
271340 271480
271481 271773
271774 271913
271914 272009
272010 272225
272226 272417
272418 272500
272501 272522
272523 272682
272683 272855
272856 273086
273087 273380
273381 273682
273683 274517
274518 274998
274999 275149
275150 275618
275619 275748
275749 276282
276283 276537
276538 276623
276624 276978
276979 277256
277257 277572
277573 277740
277741 277843
277844 278040
278041 278150
278151 278194
278195 278264
278265 278339
278340 278548
278549 278624
278625 278736
278737 278811
278812 278847
278848 278912
278913 279122
279123 279187
279188 279309
279310 279343
279344 279651
279652 279738
279739 280060
280061 280330
280331 280432
280433 280600
280601 280719
280720 280899
280900 281506
281507 281823
281824 281870
281871 282014
282015 282056
282057 282117
282118 282140
282141 282212
282213 282273
282274 282310
282311 282361
282362 282490
282491 282516
282517 282886
282887 282912
282913 283037
283038 283116
283117 283240
283241 283390
283391 283494
283495 283830
283831 283933
283934 283996
283997 284113
284114 284448
284449 284485
284486 284561
284562 284595
284596 284651
284652 284703
284704 284900
284901 285577
285578 285737
285738 285804
285805 285943
285944 285970
285971 286022
286023 286051
286052 286095
286096 286142
286143 286225
286226 286280
286281 286339
286340 286376
286377 286426
286427 286489
286490 286544
286545 286572
286573 286616
286617 286658
286659 286717
286718 286780
286781 286909
286910 286960
286961 287049
287050 287184
287185 287254
287255 287607
287608 287664
287665 287715
287716 287774
287775 288126
288127 288358
288359 288687
288688 288793
288794 288889
288890 288970
288971 289046
289048 289214
289215 289448
289449 289532
289533 289703
289704 289934
289935 290026
290027 290159
290160 290222
290223 290337
290338 290496
290497 290854
290855 291034
291035 291165
291166 291344
291345 291415
291416 291477
291478 291563
291564 291601
291602 291649
291650 291741
291742 291832
291833 291919
291920 291933
291934 291986
291987 292001
292002 292072
292073 292084
292085 292176
292177 292187
292188 292216
292217 292257
292258 292271
292272 292286
292287 292308
292309 292332
292333 292376
292377 292396
292397 292427
292428 292675
292676 292867
292868 292981
292982 293168
293169 293268
293269 293450
293451 293783
293784 294159
294160 294719
294720 295206
295207 295522
295523 295706
295707 295833
295834 295875
295876 296052
296053 296676
296677 296767
296768 297042
297043 297103
297104 297287
297288 297441
297442 297626
297627 297759
297760 298011
298012 298147
298148 298206
298207 299065
299066 299362
299363 299503
299504 300623
300624 300754
300755 300823
300824 301843
301844 302515
302516 302601
302602 302740
302741 302905
302906 304994
304995 305084
305085 305210
305211 306542
306543 306624
306625 306902
306903 307055
307056 308384
308385 308481
308482 308544
308545 309614
309615 309644
309645 309778
309779 311691
311692 311776
311777 311957
311958 313125
313126 313245
313246 313341
313342 315556
315557 315640
315641 315741
315742 317856
317857 318467
318468 319118
319119 319765
319766 320640
320641 320984
320985 321042
321043 321073
321074 321104
321105 321135
321136 321198
321199 321228
321229 321259
321260 321356
321358 321518
321519 321761
321762 321985
321986 322167
322168 322302
322304 322522
322523 322689
322690 322873
322874 323050
323051 323223
323224 323594
323595 323776
323777 323865
323866 324034
324035 324727
324728 324911
324912 325616
325617 325928
325929 326641
326642 327332
327333 328520
328521 328794
328795 329130
329131 329446
329447 330001
330002 330518
330519 331228
331229 331452
331453 331737
331738 332146
332147 332349
332350 332638
332639 332888
332889 333262
333263 333862
333863 334052
334053 334237
334238 334364
334365 334640
334641 334921
334922 335639
335640 336103
336104 336496
336497 336719
336720 336853
336854 337523
337524 337647
337648 338408
338409 338626
338627 338876
338877 339144
339145 339492
339493 339581
339582 339884
339885 340304
340305 340673
340674 341001
341002 341174
341175 341442
341443 341722
341723 341881
341882 342159
342160 342385
342386 342470
342471 342555
342556 342678
342679 342747
342748 342939
342940 343054
343055 343176
343177 343306
343307 343400
343401 343468
343469 343758
343759 344688
344689 345139
345140 345478
345480 345585
345586 345711
345712 345826
345828 345880
345881 345913
345914 345954
345955 346055
346056 346092
346093 346123
346124 346160
346161 346169
346170 346207
346208 346249
346250 346306
346307 346397
346398 346452
346453 346501
346502 346529
346530 346541
346542 346556
346557 346577
346578 346600
346601 346626
346627 346670
346671 346697
346698 346761
346762 346821
346822 346854
346855 346887
346888 346930
346932 346977
346978 347066
347068 347100
347101 347115
347116 347141
347142 347171
347172 347217
347218 347284
347285 347344
347345 347352
347353 347359
347360 347373
347374 347394
347395 347416
347417 347456
347457 347478
347479 347490
347491 347516
347517 347552
347553 347581
347582 347603
347604 347627
347628 347661
347662 347691
347692 347736
347737 347762
347763 347803
347804 347816
347817 347899
347900 347937
347939 347980
347982 348167
348168 348201
348202 348210
348211 348230
348231 348240
348241 348244
348245 348271
348272 348290
348291 348327
348328 348355
348356 348377
348378 348385
348386 348394
348395 348415
348416 348487
348488 348491
348492 348563
348564 348584
348585 348586
348587 348633
348634 348643
348644 348675
348676 348682
348683 348725
348726 348752
348753 348773
348774 348806
348807 348817
348818 348829
348830 348851
348852 348874
348875 348918
348919 348934
348935 348949
348950 348976
348977 349060
349061 349064
349065 349110
349111 349126
349127 349139
349140 349202
349203 349231
349232 349252
349253 349319
349320 349361
349362 349387
349388 349416
349417 349432
349433 349469
349470 349516
349517 349548
349549 349562
349563 349586
349587 349610
349611 349630
349631 349636
349637 349655
349656 349719
349720 349738
349739 349746
349747 349796
349797 349878
349879 349938
349939 350020
350021 350036
350037 350044
350045 350064
350065 350153
350154 350196
350197 350213
350214 350227
350228 350248
350249 350277
350278 350302
350303 350329
350330 350344
350345 350351
350352 350442
350443 350517
350518 350555
350556 350560
350561 350562
350563 350574
350575 350601
350602 350624
350625 350650
350651 350700
350701 350711
350712 350723
350724 350744
350745 350771
350772 350778
350779 350802
350803 350822
350823 350845
350846 350879
350880 350916
350917 350931
350932 350941
350942 350965
350966 350994
350995 351025
351026 351035
351036 351109
351110 351129
351130 351168
351169 351326
351327 351332
351333 351401
351402 351419
351420 351444
351445 351455
351456 351487
351488 351507
351509 351519
351520 351568
351569 351592
351593 351621
351622 351637
351638 351690
351691 351729
351730 351773
351774 351791
351792 351818
351819 351820
351821 351930
351931 351947
351948 351958
351959 351986
351987 352055
352056 352061
352062 352077
352078 352156
352157 352173
352174 352211
352212 352291
352292 352301
352302 352309
352310 352343
352344 352372
352373 352437
352438 352466
352467 352502
352503 352535
352536 352558
352559 352600
352601 352652
352653 352676
352677 352680
352681 352690
352691 352719
352720 352743
352744 352785
352786 352802
352803 352820
352821 352832
352833 352864
352865 352888
352889 352917
352918 352940
352941 352975
352976 353020
353021 353046
353047 353072
353073 353085
353086 353092
353093 353100
353101 353142
353143 353168
353169 353232
353233 353296
353297 353325
353326 353369
353370 353377
353378 353392
353393 353425
353426 353465
353466 353525
353526 353562
353563 353568
353569 353581
353582 353625
353626 353662
353663 353690
353691 353697
353698 353735
353736 353751
353752 353819
353820 353827
353828 353876
353877 353895
353896 353908
353909 353929
353930 353942
353943 353950
353951 353956
353957 353987
353988 353999
354000 354054
354055 354113
354114 354147
354148 354251
354252 354268
354269 354289
354290 354299
354300 354349
354350 354381
354382 354405
354406 354429
354430 354435
354436 354456
354457 354474
354475 354501
354502 354535
354536 354548
354549 354566
354567 354579
354580 354609
354610 354640
354641 354645
354646 354678
354679 354697
354698 354716
354717 354733
354734 354788
354789 354830
354831 354870
354871 354882
354883 354913
354914 354932
354933 354940
354941 354952
354953 354974
354975 355000
355001 355024
355025 355045
355046 355098
355099 355112
355113 355122
355123 355154
355155 355178
355179 355193
355194 355209
355210 355284
355285 355286
355288 355339
355340 355372
355373 355509
355510 355534
355535 355550
355551 355576
355577 355623
355624 355643
355644 355656
355657 355693
355694 355730
355731 355755
355756 355782
355783 355803
355804 355872
355873 355926
355927 355936
355937 355970
355971 355981
355982 356012
356013 356052
356053 356076
356077 356122
356123 356177
356178 356223
356224 356231
356232 356288
356289 356361
356362 356431
356432 356469
356470 356519
356520 356538
356539 356557
356558 356589
356590 356599
356600 356642
356643 356661
356662 356680
356681 356704
356705 356725
356726 356750
356751 356767
356768 356806
356807 356823
356824 356863
356864 356878
356879 356891
356892 356915
356916 356951
356952 356953
356954 356972
356973 356987
356988 357027
357028 357060
357061 357091
357092 357095
357096 357116
357117 357178
357179 357200
357201 357218
357219 357239
357240 357251
357252 357259
357260 357288
357289 357316
357317 357326
357327 357339
357340 357363
357364 357411
357412 357457
357458 357486
357487 357521
357522 357535
357536 357577
357578 357588
357589 357602
357603 357663
357664 357707
357708 357718
357719 357735
357736 357760
357761 357769
357770 357797
357798 357816
357818 357827
357828 357848
357849 357878
357879 357930
357932 357969
357970 358004
358005 358013
358014 358042
358043 358057
358058 358073
358074 358084
358085 358089
358090 358099
358100 358203
358204 358216
358217 358228
358229 358282
358283 358288
358289 358337
358338 358349
358350 358359
358360 358402
358403 358409
358410 358449
358450 358476
358477 358501
358502 358514
358515 358546
358547 358582
358583 358593
358594 358602
358603 358617
358618 358650
358651 358707
358708 358764
358765 358790
358791 358830
358832 358864
358865 358875
358876 358918
358920 358939
358940 358949
358950 358957
358958 358980
358982 358989
358990 359012
359013 359048
359049 359064
359065 359069
359070 359078
359079 359118
359119 359143
359144 359156
359157 359202
359203 359221
359223 359229
359230 359261
359262 359303
359304 359342
359343 359401
359402 359424
359425 359504
359505 359514
359515 359540
359541 359597
359598 359620
359621 359628
359629 359645
359646 359694
359695 359708
359709 359760
359761 359809
359810 359828
359829 359876
359877 359900
359901 359904
359905 359937
359938 359993
359994 360011
360012 360051
360052 360071
360072 360107
360108 360124
360125 360128
360129 360131
360132 360154
360155 360230
360231 360239
360240 360249
360250 360309
360310 360316
360317 360431
360432 360471
360472 360478
360479 360544
360545 360555
360556 360576
360577 360608
360609 360660
360661 360701
360702 360758
360759 360794
360795 360800
360801 360869
360870 360902
360903 360923
360924 360945
360946 360959
360960 361031
361032 361046
361047 361081
361082 361103
361104 361140
361141 361160
361161 361307
361308 361322
361323 361360
361361 361380
361381 361401
361402 361423
361424 361435
361436 361513
361514 361532
361533 361587
361588 361589
361590 361617
361618 361632
361633 361668
361669 361677
361678 361697
361698 361716
361717 361750
361751 361778
361779 361842
361843 361887
361888 361904
361905 361941
361942 361965
361966 362016
362017 362032
362033 362068
362069 362109
362110 362117
362118 362156
362157 362208
362209 362215
362216 362267
362268 362296
362297 362314
362315 362335
362336 362348
362349 362395
362396 362436
362437 362456
362457 362476
362477 362487
362488 362522
362523 362539
362540 362547
362548 362554
362555 362574
362575 362614
362615 362661
362662 362663
362664 362695
362696 362732
362733 362750
362751 362773
362774 362790
362791 362895
362896 362924
362925 362966
362967 362974
362975 362998
362999 363010
363011 363017
363018 363022
363023 363040
363041 363049
363050 363089
363090 363171
363172 363242
363243 363261
363262 363290
363291 363347
363348 363420
363421 363480
363481 363493
363494 363499
363500 363520
363521 363565
363566 363608
363609 363647
363648 363676
363677 363723
363724 363745
363746 363781
363782 363804
363805 363846
363847 363868
363869 363892
363893 363970
363971 364020
364021 364047
364048 364068
364069 364144
364146 364171
364172 364173
364174 364178
364179 364249
364250 364318
364320 364332
364333 364362
364363 364365
364366 364373
364374 364399
364400 364458
364459 364467
364468 364496
364497 364551
364552 364553
364554 364631
364632 364678
364679 364783
364784 364896
364898 364969
364970 364983
364984 364987
364988 365013
365014 365046
365047 365111
365112 365121
365122 365162
365163 365172
365173 365195
365196 365204
365205 365238
365239 365243
365244 365322
365323 365328
365329 365334
365335 365349
365350 365358
365359 365377
365378 365440
365441 365473
365474 365513
365514 365532
365534 365613
365614 365652
365653 365697
365699 365715
365716 365731
365732 365758
365759 365782
365783 365798
365799 365824
365825 365874
365875 365890
365891 365935
365936 365978
365979 365980
365981 365988
365989 366039
366040 366076
366077 366088
366089 366108
366109 366111
366112 366140
366141 366182
366183 366231
366232 366338
366339 366357
366358 366383
366384 366404
366405 366457
366458 366514
366515 366540
366542 366595
366596 366641
366642 366675
366676 366678
366679 366712
366713 366739
366740 366794
366797 366845
366846 366909
366910 366964
366965 366990
366991 367031
367032 367169
367170 367183
367184 367195
367196 367225
367226 367294
367295 367304
367305 367317
367318 367319
367320 367347
367348 367467
367468 367530
367531 367568
367570 367631
367632 367648
367649 367683
367684 367707
367708 367867
367868 367874
367875 367951
367952 367982
367983 368003
368004 368047
368048 368107
368108 368205
368206 368275
368276 368297
368299 368332
368333 368375
368376 368417
368418 368509
368510 368517
368518 368606
368607 368617
368618 368667
368668 368686
368687 368728
368729 368753
368754 368774
368775 368790
368791 368817
368818 368838
368839 368873
368874 368881
368882 368889
368890 368947
368948 368952
368953 369023
369024 369040
369041 369052
369053 369061
369062 369131
369132 369139
369140 369343
369344 369401
369402 369410
369411 369416
369417 369454
369455 369459
369460 369478
369479 369494
369495 369570
369571 369674
369675 369694
369695 369712
369713 369803
369804 369814
369815 369839
369840 370287
