0 20
21 32
33 146
147 311
312 411
412 413
414 511
512 602
604 668
669 680
681 692
693 734
735 797
798 825
827 865
866 923
924 945
946 971
972 987
988 1031
1032 1048
1049 1098
1099 1190
1191 1247
1248 1264
1265 1299
1300 1314
1315 1442
1443 1476
1477 1500
1501 1593
1594 1985
1986 2842
2844 3177
3178 3353
3354 3387
3388 3421
3422 3464
3465 3507
3508 3644
3645 3796
3797 3973
3974 4695
4696 8498
8499 9006
9007 12243
12244 12512
12513 12554
12555 12556
12557 12577
12578 12579
12580 12605
12606 12611
12613 12724
12725 18675
18676 18982
18983 19485
19486 24871
24872 25327
25328 28489
28490 28743
28744 31676
31677 31986
31987 35120
35121 35489
35490 39378
39379 39640
39641 42087
42088 42581
42582 44967
44968 45160
45161 47075
47076 47645
47646 47740
47741 47742
47743 47776
47777 47815
47816 47835
47836 47855
47856 47880
47881 47902
47903 47925
47926 47942
47943 47981
47982 47995
47996 48014
48015 48032
48033 48066
48067 48078
48079 48094
48095 48123
48124 48140
48141 48182
48184 48242
48243 48259
48260 48277
48278 48297
48298 48305
48306 48342
48343 48353
48354 48363
48364 48389
48390 48423
48424 48477
48478 48485
48486 48514
48515 48529
48530 48561
48562 48593
48594 48628
48629 48648
48649 48664
48665 48675
48676 48682
48683 48705
48706 48726
48727 48766
48767 48804
48805 48810
48811 48823
48824 48839
48840 48849
48850 48859
48860 48890
48891 48902
48903 48921
48922 48947
48948 48962
48963 49013
49014 49045
49046 49089
49090 49098
49099 49118
49119 49150
49151 49227
49228 49259
49260 49276
49277 49337
49338 49380
49381 49406
49407 49432
49433 49461
49462 49484
49485 49519
49520 49542
49543 49567
49568 49592
49593 49613
49614 49630
49631 49651
49652 49689
49690 49716
49717 49752
49753 49784
49785 49820
49821 49837
49838 49876
49877 49926
49927 50026
50027 50131
50132 50211
50212 50357
50358 50483
50484 50522
50523 50715
50716 50780
50781 50881
50882 50985
50986 51110
51111 51127
51128 51192
51193 51225
51226 51251
51252 51267
51268 51368
51369 51414
51415 51469
51470 51475
51476 51481
51482 51493
51494 51505
51506 51514
51515 51627
51628 51644
51645 51708
51709 51923
51924 51968
51969 52047
52048 52116
52117 52294
52295 52394
52395 52396
52397 52490
52491 52793
52794 53344
53345 53372
53373 53452
53454 54258
54259 54349
54350 56236
56238 56304
56305 56847
56849 57036
57038 57251
57253 57477
57480 58159
58161 58408
58409 58730
58732 58909
58911 59046
59048 59359
59360 59478
59479 59744
59745 59809
59810 60344
60345 60629
60630 60765
60766 60843
60844 61061
61062 61145
61146 61279
61280 61391
61392 61526
61527 61592
61593 61922
61923 62028
62029 62136
62137 62237
62238 62373
62374 62718
62719 62788
62789 62932
62933 63062
63063 63246
63247 63332
63333 63464
63465 63564
63565 63823
63824 63858
63859 63922
63923 64107
64108 64449
64450 64546
64547 65000
65001 65118
65119 65408
65409 65595
65596 65662
65663 65775
65776 66187
66188 66255
66256 66401
66402 66471
66472 66753
66754 66880
66881 67062
67063 67341
67342 67725
67726 68139
68140 68673
68674 68728
68729 69303
69304 69363
69364 69739
69740 69937
69938 70225
70226 70346
70347 70505
70506 71110
71111 71196
71197 71250
71251 71378
71379 71612
71613 71735
71736 72149
72150 72213
72214 72794
72795 72853
72854 72914
72915 73988
73989 74072
74073 74138
74139 74226
74227 74994
74996 75550
75552 77373
77376 78005
78007 78813
78816 79016
79017 79295
79296 79455
79456 79624
79625 79841
79842 80042
80043 81028
81029 81267
81268 81762
81763 81957
81958 82113
82114 82236
82237 82421
82422 83146
83147 83326
83327 83544
83545 83638
83639 83708
83709 84026
84027 84353
84354 84856
84857 85754
85755 86265
86267 86433
86434 86533
86534 86628
86629 86717
86718 86808
86809 86895
86896 86981
86982 87066
87067 87146
87147 87306
87307 87383
87384 87610
87611 87687
87688 87764
87765 88037
88038 88161
88162 88297
88298 88332
88333 88375
88376 88424
88425 88506
88507 88568
88569 88638
88639 88724
88725 89002
89003 89160
89161 89290
89291 89397
89398 89524
89525 89584
89585 89747
89748 89910
89911 89987
89988 90074
90075 90479
90480 90571
90572 90728
90729 90910
90911 91197
91198 91264
91265 91348
91349 91460
91461 91732
91733 91833
91834 92049
92050 92114
