0 55
56 67
68 80
81 4526
4527 4617
4618 4965
4967 4975
4976 5029
5030 5057
5058 5071
5072 5122
5123 5182
5183 5214
5215 5260
5262 5304
5305 5350
5351 5367
5368 5401
5402 5440
5441 5460
5461 5480
5481 5505
5506 5527
5528 5550
5551 5567
5568 5606
5607 5620
5621 5639
5640 5657
5658 5691
5692 5703
5704 5719
5720 5748
5749 5765
5766 5807
5809 5867
5868 5884
5885 5927
5928 5952
5953 5985
5986 6000
6001 6018
6019 6040
6041 6236
6237 6280
6281 6494
6495 6522
6523 6565
6566 6634
6635 6651
6652 6707
6708 6766
6767 6837
6838 6868
6869 6912
6913 6944
6945 7027
7028 7044
7045 7081
7082 7118
7119 7153
7154 7181
7182 7282
7283 7339
7340 7374
7375 7563
7564 7630
7631 7665
7666 7744
7745 7798
7799 7908
7909 7951
7952 7987
7988 8032
8033 8082
8083 8169
8170 8186
8187 8226
8227 8288
8289 8338
8339 8487
8488 8524
8525 8681
8682 8722
8723 8841
8842 8895
8896 8969
8970 9011
9012 9037
9038 9081
9082 9224
9225 9311
9312 9328
9329 9453
9454 9475
9476 9576
9577 9647
9648 9793
9794 9845
9846 10017
10018 10078
10079 10095
10096 10170
10171 10220
10221 10237
10238 10258
10259 10333
10334 10357
10358 10405
10406 10444
10445 10457
10458 10477
10478 10498
10499 10521
10522 10542
10543 10562
10563 10583
10584 10595
10596 10648
10649 10670
10671 10687
10688 10715
10716 10736
10737 10762
10763 10779
10780 10800
10801 10855
10856 10889
10890 10986
10987 11003
11004 11051
11052 11080
11081 11189
11190 11317
11318 11378
11379 11395
11396 12145
12146 12162
12163 12227
12228 12260
12261 12286
12287 12302
12303 12403
12404 12449
12450 12504
12505 12510
12511 12516
12517 12528
12529 12540
12541 12549
12550 12679
12680 12743
12744 12958
12959 13003
13004 13082
13083 13151
13152 13329
13330 13429
13430 13446
13447 13506
13507 13649
13650 13669
13670 14196
14197 14217
14218 14251
14252 14292
14293 14344
14345 14365
14366 14404
14405 14431
14432 14485
14486 14514
14515 14555
14556 14584
14585 14605
14606 14647
14648 14912
14914 14980
14981 14997
14998 15105
15107 15304
15305 15372
15373 15389
15390 15616
15617 15696
15697 15773
15774 15836
15837 15872
15873 16015
16016 16139
16140 16156
16157 16270
16271 16302
16303 16333
16334 16394
16395 16435
16436 16466
16467 16577
16578 16623
16624 16649
16650 16690
16691 16731
16732 16773
16775 16811
16813 16842
16843 16881
16882 16966
16968 17048
17049 17147
17148 17187
17188 17270
17271 17372
17373 17396
17397 17656
17657 17704
17705 17786
17787 17923
17924 17940
17941 17973
17974 18008
18009 18036
18037 18050
18051 18100
18101 18128
18129 18153
18154 18171
18172 18201
18202 18222
18223 18265
18266 18287
18288 18317
18318 18330
18331 18357
18358 18393
18394 18414
18415 18428
18429 18453
18454 18487
18488 18616
18617 18653
18654 18690
18691 18707
18708 18745
18746 18787
18788 18868
18869 18929
18930 19015
19016 19048
19049 19072
19073 19095
19096 19148
19149 19290
19291 19382
19383 19457
19458 19474
19475 19599
19600 19616
19617 19681
19682 19749
19750 19771
19772 19812
19813 19821
19822 19836
19837 19871
19872 19907
19908 19942
19943 20001
20002 20074
20075 20077
20078 20111
20112 20133
20134 20151
20152 20171
20172 20179
20180 20216
20217 20227
20228 20237
20238 20263
20264 20297
20298 20351
20352 20359
20360 20388
20389 20403
20404 20435
20436 20467
20468 20502
20503 20522
20523 20538
20539 20549
20550 20556
20557 20579
20580 20600
20601 20640
20641 20678
20679 20684
20685 20697
20698 20713
20714 20723
20724 20733
20734 20764
20765 20776
20777 20795
20796 20821
20822 20836
20837 20887
20888 20919
20920 20963
20964 20972
20973 20992
20993 21024
21025 21101
21102 21133
21134 21150
21151 21231
21233 21619
21621 21775
21776 21792
21793 21810
21811 21837
21838 21876
21877 21969
21970 21988
21989 22005
22006 22041
22042 22092
22093 22167
22168 22184
22185 22309
22310 22326
22327 22451
22452 22468
22469 22535
22536 22584
22585 22634
22635 22684
22685 22735
22736 22785
22786 22835
22836 22885
22886 22936
22937 22986
22987 23036
23037 23086
23087 23136
23137 23186
23187 23344
23345 23392
23394 23421
23422 23467
23468 23488
23489 23583
23585 23614
23615 23657
23659 23810
23811 23861
23862 23878
23879 23915
23916 24040
24041 24173
24174 24239
24240 24286
24287 24370
24371 24431
24433 24503
24504 24523
24524 24656
24657 24856
24857 24895
24896 24932
24933 25081
25083 25148
25149 25165
25166 25406
25408 25941
25943 26141
26142 26200
26201 26290
26291 26362
26363 26807
26808 26824
26825 26865
26866 26912
26913 26949
26950 26966
26967 27015
27016 27064
27065 27099
27100 27133
27134 27161
27162 27188
27189 27219
27220 27266
27267 27415
27416 27466
27467 27483
27484 27514
27515 27584
27585 27638
27639 27693
27694 27793
27794 27821
27822 27864
27865 27896
27897 27918
27919 27971
27972 28038
28039 28058
28059 28108
28109 28122
28123 28169
28170 28233
28234 28250
28251 28326
28327 28346
28347 28389
28390 28402
28403 28424
28425 28466
28467 28530
28531 28559
28560 28591
28592 28607
28608 28653
28654 28755
28756 28816
28817 28830
28831 28901
28903 29000
29001 29384
29385 29453
29455 31312
31313 31354
31355 31369
31370 31385
31386 31563
31564 31650
31652 31800
31802 31820
31821 31857
31858 31882
31883 32122
32123 32134
32135 32210
32211 32222
32223 32676
32677 32688
32689 32739
32740 32751
32752 32789
32790 32802
32803 32928
32929 32940
32941 33104
33105 33117
33118 33520
33521 33532
33533 33847
33848 33860
33861 34049
34050 34074
34075 34200
34201 34212
34213 34578
34579 34590
34591 34930
34931 34943
34944 35132
35133 35144
35145 35283
35284 35295
35296 35496
35497 35509
35510 36012
36013 36024
36025 36238
36239 36251
36252 36352
36353 36365
36366 36377
36378 36390
36391 36491
36492 36503
36504 37057
37058 37069
37070 37220
37221 37233
37234 37384
37385 37397
37398 37459
37460 37472
37473 37485
37486 37497
37498 38378
38379 38391
38392 39033
39034 39046
39047 39059
39060 39071
39072 39310
39311 39323
39324 39462
39463 39487
39488 39562
39563 39575
39576 40053
40054 40066
40067 40343
40344 40356
40357 40494
40495 40507
40508 40532
40533 40545
40546 40620
40621 40645
40646 40784
40785 40796
40797 41338
41339 41350
41351 41438
41439 41451
41452 41464
41465 41476
41477 41552
41553 41564
41565 41627
41628 41640
41641 41677
41678 41690
41691 41728
41729 41741
41742 42105
42106 42118
42119 42206
42207 42219
42220 42433
42434 42445
42446 42471
42472 42483
42484 42622
42623 42647
42648 42659
42660 42672
42673 43037
43038 43050
43051 43151
43152 43176
43177 43189
43190 43717
43718 43729
43730 43868
43869 43880
43881 43993
43994 44006
44007 44597
44598 44610
44611 44749
44750 44761
44762 44938
44939 44950
44951 45001
45002 45026
45027 45038
45039 45177
45178 45189
45190 45542
45543 45555
45556 45605
45606 45618
45619 45894
45895 45907
45908 45995
45996 46020
46021 46134
46135 46146
46147 46209
46210 46222
46223 46637
46638 46649
46650 46762
