0 20
21 33
34 83
84 86
87 634
635 729
730 1198
1199 1448
1449 1934
1935 2151
2152 2476
2477 2615
2616 3025
3026 3179
3180 3839
3840 3933
3934 4223
4224 4948
4949 5181
5182 5271
5272 5343
5344 5774
5775 5879
5880 6011
6012 6225
6226 6724
6725 6795
6796 6874
6875 7032
7033 7064
7065 7111
7112 7307
7308 7418
7419 7474
7475 7552
7553 7957
7958 8480
8481 8679
8680 8795
8796 8947
8948 8991
8992 9042
9043 9080
9081 9214
9215 9263
9264 9429
9431 9902
9903 10139
10140 10232
10233 10309
10310 10394
10395 10756
10757 10969
10970 11003
11004 11070
11071 11175
11176 11851
11852 12002
12003 12142
12143 12330
12331 12563
12564 12697
12698 12934
12935 13055
13056 13258
13259 13374
13375 13433
13434 13790
13791 13926
13927 14032
14033 14492
14493 14668
14669 14868
14869 15115
15116 15577
15578 15661
15662 16207
16208 16849
16850 17361
17362 17473
17474 17586
17587 17697
17698 18211
18212 18354
18355 18506
18507 18557
18558 18831
18832 19232
19233 19523
19524 19609
19610 19895
19896 19973
19974 20119
20120 20183
20184 20287
20288 20366
20367 20566
20567 20667
20668 20754
20755 21050
21051 21193
21194 21263
21264 21312
21313 21452
21453 21623
21624 21705
21706 21837
21838 21893
21894 22186
22187 22319
22321 22575
22576 22950
22951 23257
23258 23393
23394 23491
23492 23626
23627 24004
24005 24101
24102 25411
25412 25944
25945 26074
26075 26270
26272 27120
27121 27136
27137 27156
27157 27203
27204 27259
27260 27313
27314 27465
27466 27820
27821 27915
27916 27985
27986 28186
28187 28333
28334 28435
28436 28503
28504 28766
28767 28907
28908 28965
28966 29072
29073 29134
29135 29164
29165 29220
29221 29310
29311 29339
29340 29363
29364 29415
29416 29441
29442 29495
29496 29539
29540 29564
29565 29581
29582 29596
29597 29611
29612 29624
29625 29653
29654 29718
29719 29826
29827 29919
29920 30057
30058 30083
30084 30117
30118 30136
30137 30159
30160 30186
30187 30207
30208 30258
30259 30270
30271 30282
30283 30304
30305 30329
30330 30359
30360 30390
30391 30477
30478 30528
30529 30604
30605 30627
30628 30650
30651 30685
30686 30726
30727 30932
30933 31099
31100 31242
31243 31331
31332 32038
32039 36952
36953 37035
37036 37064
37065 37095
37096 37106
37107 37270
37271 37287
37288 37735
37736 37759
37760 37948
37949 37961
37962 42533
