0 26
27 72
73 112
113 422
423 460
461 696
697 772
773 853
854 1184
1185 1299
1300 1363
1364 1434
1435 1686
1687 1812
1813 1861
1862 2791
2792 2931
2932 3152
3153 3430
3431 4306
4307 4409
4410 4798
4799 4937
4938 5630
5631 5734
5735 6241
6242 6472
6473 7284
7285 7357
7358 8506
8507 8833
8834 8999
9000 10121
10122 10704
10705 10873
10874 11255
11256 11988
11989 12192
12193 12323
12324 12513
12514 12586
12587 12666
12667 12748
12749 12797
12798 12993
12994 13076
13077 13465
13466 13554
13555 13744
13745 13879
13880 14771
14772 14977
14978 15795
15796 16210
16211 16516
16517 17478
17479 17846
17847 17977
17978 18082
18083 18116
18117 18173
18174 18233
18234 22828
22829 23077
23078 23311
23312 23980
23981 24051
24052 24380
24381 24543
24544 24652
24653 24746
24747 24837
24838 24880
24881 24946
24947 25033
25034 25119
25120 25218
25219 25306
25307 25431
25432 25808
25809 25930
25931 26100
26101 26619
26620 27099
27100 27326
27327 27772
27773 28224
28225 28274
28275 28329
28330 28453
28454 28546
28547 28799
28800 28997
28998 29107
29108 29172
29173 29289
29290 29328
29329 29450
29451 29517
29518 29670
29671 29849
29850 29938
29939 30911
30912 31079
31080 31213
31214 31500
31501 31754
31755 32120
32121 32204
32205 32269
32270 32331
32332 32361
32362 32600
32601 32685
32686 33028
33029 33128
33129 33259
33260 33670
33671 33780
33781 34041
34042 34148
34149 34439
34440 34616
34617 34777
34778 34860
34861 35109
35110 35246
35247 35381
35382 35504
35505 35554
35555 35646
35647 35758
35759 35820
35821 36862
36863 37221
37222 37840
37841 38049
38050 38104
38105 38293
38294 38370
38371 38400
38401 38854
38855 38942
38943 39456
39457 39728
39729 40079
40080 41381
41382 41583
41584 42092
42093 42359
42360 43225
43226 43337
43338 43503
43504 43839
43840 44549
44550 44694
44695 44746
44747 44824
44825 46844
46845 47807
47808 47914
47915 48136
48137 48262
48263 48328
48329 48486
48487 48658
48659 48746
48747 48785
48786 48824
48825 48896
48897 48974
48975 49136
49137 49244
49245 49436
49437 49497
49498 49676
49677 49762
49763 49993
49994 50068
50069 50149
50150 50290
50291 50387
50388 50621
50622 50987
50988 51211
51212 51422
51423 51907
51908 53539
53540 53676
53677 53866
53867 54055
54056 54395
54396 54437
54438 54642
54643 54878
54879 54937
54938 55256
55257 55521
55522 55802
55803 55926
55927 56002
56003 56045
56046 56230
56231 56311
56312 56334
56335 56469
56470 57581
57582 57707
57708 58364
58365 58701
58702 58996
58997 59381
59382 59615
59616 59825
59826 60289
60290 60812
60813 61011
61012 61156
61157 61385
61386 61525
61526 61747
61748 61991
61992 62043
62044 62131
62132 62268
62269 62397
62398 62923
62924 63499
63500 63605
63606 64094
64095 64274
64275 64381
64382 64506
64507 64702
64703 65335
65336 65428
65429 65580
65581 65731
65732 66029
66030 66098
66099 66155
66156 66237
66238 66267
66268 66331
66332 66406
66407 66583
66584 66658
66659 66734
66735 66805
66806 66889
66890 66964
66965 67242
67243 67283
67284 67367
67368 67496
67497 67672
67673 68206
68207 68252
68253 68571
68572 68682
68683 69068
69069 69132
69133 69359
69360 69761
69762 69830
69831 69994
69995 70110
70111 70218
70219 70284
70285 70626
70627 70935
70936 71181
71182 71380
71381 71536
71537 71684
71685 71780
71781 74759
74760 74866
74867 74978
74979 75263
75265 75300
75301 75399
75400 75454
75455 75466
75467 75478
75479 75488
75489 75511
75512 75522
75523 75537
75538 75560
75561 75574
75575 75584
75585 75607
75608 75624
75625 75652
75653 75672
75673 75684
75685 75694
75695 75706
75707 75741
75742 75764
75765 75862
75863 75903
75904 76171
76172 76226
76227 76254
76255 76302
76303 76407
76408 76557
76558 76664
76665 76917
76918 77610
77611 78372
78373 79228
79229 80518
80519 80922
80923 81274
81275 81447
81448 81514
81515 81593
81594 81721
81722 82828
82829 83199
83200 83724
83725 84228
84229 84303
84304 84883
84884 84930
84931 84978
84979 85603
85604 86019
86020 86227
86228 86318
86319 86843
86844 87189
87190 87542
87543 89031
89032 90152
90153 90307
90308 90757
90758 91765
91766 91989
91990 92323
92324 92645
92646 93651
93652 93889
93890 94170
94171 94285
94286 94393
94394 94679
94680 94835
94836 95073
95074 95326
95327 95562
95563 95645
95646 95706
95707 95831
95832 96596
96597 96689
96690 96805
96806 97355
97356 97654
97655 98108
98109 98491
98492 99156
99157 99295
99296 99470
99471 100087
100088 100475
100476 101180
101181 101457
101458 102419
102420 102612
102613 103176
103177 103486
103487 103673
103674 103750
103751 104232
104233 104331
104332 104822
104823 105089
105090 105733
105734 106130
106131 106285
106286 106943
106944 107234
107235 107568
107569 107661
107662 108850
108851 109127
109128 109585
109586 110250
110251 110876
110877 111204
111205 111408
111409 113165
113166 113748
113749 114252
114253 114831
114832 116039
116040 117439
117440 118724
118725 120063
120064 120565
120566 120943
120944 120997
120998 121088
121089 121184
121185 121269
121270 121321
121322 121408
121409 121502
121503 121591
121592 121686
121687 121775
121776 121859
121860 122110
122111 122263
122264 122354
122355 122409
122410 122421
122422 122433
122434 122443
122444 122466
122467 122477
122478 122492
122493 122515
122516 122529
122530 122539
122540 122562
122563 122579
122580 122607
122608 122627
122628 122639
122640 122649
122650 122661
122662 122696
122697 122719
122720 122817
122818 122858
122859 123126
123127 123181
123182 123209
123210 123257
123258 123362
123363 123512
123513 123619
123620 123872
123873 124565
124566 125327
125328 126183
126184 127473
127474 127877
127878 128229
128230 128402
128403 128469
128470 128548
128549 128676
128677 129783
129784 130154
130155 130679
130680 131183
131184 131258
131259 131838
131839 131885
131886 131933
131934 132558
132559 132974
132975 133182
133183 133273
133274 133798
133799 134144
134145 134497
134498 135986
135987 137107
137108 137262
137263 137712
137713 138720
138721 138944
138945 139278
139279 139600
139601 140606
140607 140844
140845 141125
141126 141240
141241 141348
141349 141633
141634 141789
141790 142027
142028 142280
142281 142516
142517 142599
142600 142660
142661 142785
142786 143550
143551 143643
143644 143759
143760 144309
144310 144608
144609 145062
145063 145445
145446 146110
146111 146249
146250 146424
146425 147042
147043 147430
147431 148135
148136 148412
148413 149374
149375 149567
149568 150131
150132 150441
150442 150628
150629 150705
150706 151186
151187 151285
151286 151776
151777 152043
152044 152687
152688 153084
153085 153239
153240 153897
153898 154188
154189 154522
154523 154615
154616 155804
155805 156081
156082 156539
156540 157205
157206 157831
157832 158159
158160 158363
158364 160120
160121 160703
160704 161207
161208 161786
161787 162994
162995 164394
164395 165679
165680 167018
167019 167520
167521 167898
167899 167952
167953 168043
168044 168139
168140 168224
168225 168276
168277 168363
168364 168457
168458 168546
168547 168641
168642 168730
168731 168814
168815 169065
169066 169218
169219 169309
169310 169364
169365 169376
169377 169388
169389 169398
169399 169421
169422 169432
169433 169447
169448 169470
169471 169484
169485 169494
169495 169517
169518 169534
169535 169562
169563 169582
169583 169594
169595 169604
169605 169616
169617 169651
169652 169674
169675 169772
169773 169813
169814 170081
170082 170136
170137 170164
170165 170212
170213 170317
170318 170467
170468 170574
170575 170827
170828 171520
171521 172282
172283 173138
173139 174428
174429 174832
174833 175184
175185 175357
175358 175424
175425 175503
175504 175631
175632 176738
176739 177109
177110 177634
177635 178138
178139 178213
178214 178793
178794 178840
178841 178888
178889 179513
179514 179929
179930 180137
180138 180228
180229 180753
180754 181099
181100 181452
181453 182941
182942 184062
184063 184217
184218 184667
184668 185675
185676 185899
185900 186233
186234 186555
186556 187561
187562 187799
187800 188074
188075 188105
