0 7
8 30
31 73
74 124
125 165
166 204
205 235
236 356
357 410
411 489
490 519
520 583
584 616
617 681
682 731
732 767
768 799
800 849
850 976
977 1045
1047 1246
1247 1294
1295 1352
1353 1493
1494 1612
1613 1988
1989 2173
2174 2197
2198 2227
2228 2241
2242 2281
2282 2365
2366 2383
2384 2681
2683 2753
2754 2832
2834 2902
2904 2941
2942 3166
3168 3246
3248 3361
3362 3470
3471 3667
3668 3724
3726 3938
3940 3977
3979 4113
4114 4155
4156 4348
4350 4481
4483 4598
4600 5156
5157 5762
5763 5949
5950 6017
6018 6551
6552 6741
6743 7123
7125 7153
7155 7219
7221 7330
7332 7380
7382 7996
7997 8023
8024 8040
8041 8085
8086 8272
8273 8448
8449 8479
8480 8518
8519 8598
8599 8610
8611 8637
8638 8718
8719 8739
8740 8799
8800 8949
8950 8998
8999 9080
9082 9134
9135 9367
9368 9405
9406 9453
9454 9488
9489 9557
9559 9674
9676 9720
9722 9780
9781 9832
9833 10065
10066 10108
10109 10157
10158 10175
10176 10298
10299 10342
10343 10395
10396 10471
10472 10492
10493 10562
10563 10617
10618 10779
10780 10929
10930 10948
10949 10965
10966 10974
10975 10994
10995 11004
11005 11053
11054 11079
11080 11132
11133 11264
11266 11306
11307 11326
11327 11382
11383 11426
11427 11540
11541 11587
11588 11648
11649 11700
11701 11729
11730 11759
11760 11796
11797 11864
11865 11903
11904 11943
11944 11966
11968 12009
12010 12028
12029 12067
12069 12098
12100 12197
12198 12301
12302 12324
12325 12355
12356 12391
12392 12732
12733 12794
12795 12835
12836 12851
12852 12901
12902 12917
12918 12954
12955 12986
12987 13022
13023 13089
13090 13144
13145 13160
13161 13205
13206 13241
13242 13268
13269 13293
13294 13335
13336 13389
13390 13417
13418 13454
13455 13482
13483 13509
13510 13536
13537 13565
13566 13630
13631 13656
13657 13714
13715 13783
13784 13823
13825 13867
13869 13962
13964 14015
14016 14055
14057 14153
14154 14214
14215 14243
14244 14284
14285 14316
14317 14369
14370 14405
14406 14458
14459 14494
14495 14647
14648 14702
14703 14879
14880 14945
14946 14964
14965 14992
14993 15066
15067 15163
15164 15165
15166 15185
15186 15223
15224 15255
15256 15294
15295 15335
15336 15360
15361 15393
15394 15427
15428 15453
15454 15488
15489 15516
15517 15568
15569 15597
15598 15637
15638 15692
15693 15742
15743 15773
15774 15857
15858 15915
15916 15917
15918 16042
16043 16044
16045 16179
16180 16263
16264 16327
16328 16418
16419 16454
16455 16511
16512 16551
16552 16811
16812 16951
16952 17436
17437 17453
17454 17489
17491 17521
17522 17548
17549 17567
17568 17631
17632 17675
17676 17697
17698 17719
17720 17743
17744 17763
17764 17777
17778 17795
17796 17826
17827 17856
17857 17893
17894 17929
17930 17944
17945 17974
17975 18011
18013 18049
18050 18080
18081 18104
18106 18203
18204 18205
18206 18299
18300 18486
18487 18835
18836 18853
18854 18910
18911 18958
18959 19012
19013 19059
19060 19099
19100 19145
19146 19219
19220 19369
19370 19400
19401 19545
19546 19643
19645 19669
19670 19861
19862 19912
19913 20026
20027 20513
20514 20623
20624 20740
20741 20827
20828 20884
20885 20996
20997 21079
21080 21143
21144 21201
21202 21296
21297 21357
21358 21512
21513 21656
21657 21696
21697 21895
21896 21960
21961 22020
22021 22079
22080 22264
22265 22385
22387 22444
22445 22493
22494 22673
22674 22778
22779 22962
22963 22988
22989 23047
23048 23072
23073 23174
23175 23275
23276 23343
23344 23378
23379 23433
23434 23685
23686 23751
23752 23770
23771 23798
23799 24033
24034 24082
24083 24197
24198 24312
24313 24492
24493 24558
24559 24596
24597 24776
24777 24958
24959 25016
25017 25292
25293 25358
25359 25430
25431 25462
25463 25568
25569 25624
25626 25785
25786 25868
25869 25902
25903 25966
25967 26099
26100 26151
26152 26202
26203 26226
26227 26342
26343 26415
26416 26651
26652 26702
26703 27005
27006 27178
27179 27205
27206 27252
27253 27301
27302 27412
27413 27490
27491 27554
27555 27627
27628 27716
27717 27943
27944 28123
28124 28356
28357 28447
28448 28488
28489 28591
28592 28638
28639 28669
28670 28748
28749 28812
28813 28946
28947 29071
29072 29172
29173 29271
29272 29295
29296 29369
29370 29503
29504 29575
29576 29667
29668 29748
29749 29878
29879 29912
29913 30085
30086 30165
30166 30291
30292 30544
30545 30903
30904 30978
30979 31046
31047 31239
31240 31331
31332 31448
31449 31502
31503 31633
31634 31741
31742 31818
31819 31876
31877 31929
31930 32107
32108 32142
32143 32623
32624 32722
32723 32901
32902 32959
32960 33107
33108 33173
33174 33306
33307 33423
33424 33527
33528 33766
33767 33981
33982 34104
34105 34228
34229 34283
34284 34690
34691 34802
34803 34830
34831 34924
34925 35067
35068 35276
35277 35590
35591 35856
35857 35945
35946 36021
36022 36057
36058 36089
36090 36121
36122 36168
36169 36312
36313 36371
36372 36444
36445 36552
36553 36672
36673 36752
36753 37280
37281 37324
37325 37444
37445 37512
37513 37617
37618 37651
37652 37711
37712 38017
38018 38102
38103 38196
38197 38426
38427 38471
38472 38884
38885 39129
39130 39209
39210 39631
39633 41039
41040 41089
41090 41184
41185 41208
41209 41404
41405 41439
41440 41488
41489 41547
41548 41737
41738 41904
41905 41951
41952 42010
42012 42060
42061 42112
42114 42195
42196 42529
42530 42750
42751 42790
42791 42881
42882 43190
43191 43374
43375 43440
43441 43573
43574 43600
43601 43790
43791 43854
43855 43913
43914 43983
43984 44007
44008 44029
44030 44138
44139 44219
44220 44294
44295 44360
44361 44394
44395 44426
44427 44474
44475 44786
44787 44840
44841 45005
45006 45068
45069 45169
45170 45326
45327 45360
45361 45554
45555 45580
45581 45827
45828 45905
45906 46093
46094 46428
46429 46474
46475 46566
46567 46777
46778 47042
47044 47573
47574 47639
47640 47752
47753 47824
47825 47887
47888 48034
48035 48239
48240 48672
48673 48761
48762 48844
48845 48901
48902 49088
49089 49168
49169 49482
49483 49692
49693 50167
50168 50270
50271 50337
50338 50381
50382 50510
50511 50556
50557 50622
50623 50714
50716 50761
50762 51256
51257 51455
51456 51546
51547 51638
51639 51735
51736 51737
51738 51915
51916 52025
52026 52051
52052 52076
52077 52121
52122 52157
52158 52193
52194 52229
52230 52274
52275 52322
52323 52502
52503 52612
52613 52615
52616 52742
52743 52761
52762 52784
52785 52815
52816 52849
52850 52861
52862 52904
52905 52925
52926 52944
52945 52989
52990 53013
53014 53030
53031 53046
53047 53078
53079 53162
53164 53202
53203 53227
53228 53250
53251 53275
53277 53302
53303 53337
53338 53355
53356 53385
53386 53419
53420 53492
53493 53634
53635 53651
53652 53791
53792 54276
54277 54293
54294 54315
54317 54345
54348 54418
54419 54420
54421 54518
54519 54783
54784 55388
55389 55757
55758 55767
55768 55797
55798 55822
55823 55836
55837 55847
55848 55873
55874 55929
55930 56006
56007 56156
56157 56440
56441 56525
56526 56624
56625 56755
56756 56852
56853 57279
57280 57676
57677 57949
57950 58904
58905 58987
58988 59847
59848 60212
60213 60597
60598 61023
61024 61084
61085 61154
61155 61294
61295 62030
62031 62203
62204 62353
62354 62810
62811 63046
63047 63083
63084 63100
63101 63113
63114 63125
63126 63168
63169 63190
63191 63202
63203 63214
63215 63253
63254 63354
63355 63635
63636 63729
63730 63875
63876 64163
64164 64205
64206 64246
64247 64288
64289 64328
64329 64371
64372 64454
64455 64518
64519 64750
64751 64834
64835 64927
64928 64992
64993 65384
65385 65458
65459 65524
65525 65588
65589 65651
65652 65701
65702 65961
65962 66002
66003 66085
66086 66199
66200 66305
66306 67014
67015 67253
67254 68135
68136 68377
68378 68763
68764 68821
68822 68860
68861 69050
69051 69152
69153 69422
69423 69848
69849 70143
70144 70194
70195 70252
70253 70347
70348 70441
70442 70470
70471 71015
71016 71179
71180 71330
71331 71810
71811 71897
71898 72036
72037 72182
72183 72322
72323 72516
72517 72609
72610 72636
72637 72729
72730 72802
72803 72973
72974 73009
73010 73243
73244 73576
73577 74430
74431 74576
74577 75142
75143 75331
75332 75587
75588 75754
75755 76147
76148 76233
76234 76336
76337 76692
76693 77107
77108 77345
77346 77445
77446 77892
77893 77967
77968 78085
78086 78172
78173 78249
78250 78553
78554 78740
78741 79368
79369 79443
79444 79579
79580 79762
79763 79893
79894 79937
79938 79984
79985 80030
80031 80088
80089 80200
80201 80309
80310 80572
80573 80732
80733 81165
81166 81270
81271 81810
81811 82099
82100 82141
82142 82205
82206 82277
82278 82402
82403 82451
82452 82547
82548 82625
82626 82701
82702 82758
82759 82800
82801 82940
82941 83013
83014 83119
83120 83381
83382 83540
83541 83653
83654 83754
83755 83860
83861 83982
83983 84203
84204 84298
84299 84468
84469 84636
84637 84736
84737 85065
85066 85264
85265 85369
85370 85539
85540 85639
85640 85866
85867 86444
86445 86906
86907 87106
87107 87139
87140 87171
87172 87207
87208 87319
87320 87573
87574 87648
87649 87850
87851 88371
88372 88522
88523 88617
88618 88777
88778 88953
88954 89020
89021 89164
89165 89290
89291 89498
89499 89699
89700 89877
89878 90561
90562 90682
90683 91017
91018 91111
91112 91719
91720 91883
91884 92739
92740 92775
92776 92874
92875 92876
92877 92917
92918 92946
92947 92964
92965 92995
92996 93058
93059 93086
93087 93132
93133 93161
93162 93186
93187 93221
93222 93247
93248 93269
93270 93293
93294 93311
93312 93342
93343 93398
93399 93443
93444 93493
93494 93514
93515 93626
93627 93643
93644 93660
93661 93683
93684 93715
93716 93729
93730 93746
93747 93770
93771 93795
93796 93813
93814 93833
93834 93851
93852 93874
93875 93888
93889 93923
93924 93945
93946 93966
93967 93982
93983 94009
94010 94096
94097 94120
94121 94140
94141 94161
94162 94186
94187 94198
94199 94221
94222 94265
94266 94287
94288 94307
94308 94323
94324 94342
94343 94362
94363 94378
94379 94396
94397 94428
94429 94442
94443 94468
94469 94489
94490 94518
94519 94537
94538 94563
94564 94592
94593 94618
94619 94643
94644 94660
94661 94705
94706 94785
94786 94802
94803 94833
94834 94851
94852 94857
94859 94876
94877 94889
94890 94902
94903 94917
94919 94932
94933 94950
94952 95020
95021 95060
95061 95086
95087 95111
95112 95185
95186 95210
95211 95240
95242 95280
95281 95308
95309 95332
95333 95376
95377 95398
95399 95425
95426 95451
95452 95506
95507 95554
95555 95594
95595 95649
95650 95758
95759 95830
95831 95876
95877 95949
95950 96068
96069 96142
96143 96326
96327 96769
96771 96842
96843 96965
96966 96993
96995 97132
97134 97310
97312 97387
97388 97498
97500 97867
97869 97937
97938 98021
98022 98205
98206 98541
98542 98754
98755 99464
99465 99744
99745 99829
99830 99927
99928 100025
100026 100181
100182 100866
100867 100972
100973 101092
101093 101338
101339 101639
101640 101747
101748 101927
101928 101970
101971 102015
102016 102220
102221 102318
102319 102340
102341 102579
102580 102752
102753 102953
102954 103106
103107 103306
103307 103426
103427 103708
103709 103999
104000 104067
104068 104607
104608 104991
104992 105521
105522 105575
105576 105773
105774 106128
106129 106540
106541 106616
106617 107042
107043 107274
107275 107375
107376 107650
107651 107839
107840 107922
107923 108053
108054 108210
108211 108479
108480 108672
108673 108926
108927 109067
109068 109204
109205 109317
109318 109619
109620 110056
110057 110695
110696 110868
110869 111053
111054 111284
111285 111525
111526 111756
111757 112378
112379 112765
112766 112934
112935 113209
113210 113756
113757 113863
113864 113979
113980 114102
114103 114165
114166 114250
114251 114356
114357 114404
114405 114536
114537 114745
114746 114963
114964 115121
115122 115394
115395 115589
115590 116064
116065 116277
116278 116487
116488 116898
116899 117710
117711 117868
117869 118345
118346 118483
118484 118635
118636 118849
118850 119161
119162 119227
119228 119297
119298 119684
119685 119863
119864 120007
120008 120080
120081 120155
120156 120447
120448 120642
120643 121270
121271 121444
121445 121855
121856 123350
123351 123478
123479 123589
123590 123693
123694 123785
123786 123861
123862 123923
123924 124117
124118 124534
124535 124727
124728 124793
124794 124863
124864 124918
124919 124981
124982 125095
125096 125214
125215 125497
125498 125510
125511 125564
125565 125629
125630 125716
125717 126116
126117 126357
126358 126430
126431 126553
126554 126803
126804 126878
126879 126948
126949 127086
127087 127167
127168 127261
127262 127307
127308 127361
127362 127411
127412 127456
127457 127511
127512 127561
127562 127611
127612 127661
127662 127761
127762 127836
127837 128085
128086 128268
128269 128527
128528 129308
129309 129343
129344 129432
129433 129543
129544 129956
129957 130064
130065 130189
130190 130516
130517 130561
130562 130995
130996 131115
131116 131408
131409 131574
131575 131641
131642 131951
131952 132074
132075 132165
132166 132243
132244 132322
132323 133041
133042 133196
133198 133258
133259 133313
133315 133377
133378 133533
133534 133669
133670 133926
133927 134031
134032 134058
134059 134113
134114 134160
134161 134223
134224 134289
134290 134366
134367 134534
134535 134676
134677 134772
134773 135146
135147 135524
135525 135541
135542 135575
135576 135620
135621 135641
135642 135660
135661 135688
135689 135709
135710 135743
135744 135831
135833 135917
135918 136002
136003 136069
136070 136559
136560 136684
136685 136701
136702 136773
136774 136873
136874 136891
136892 136916
136917 136984
136985 137029
137030 137111
137113 137158
137159 137208
137209 137242
137243 137302
137303 137339
137340 137362
137363 137395
137396 137424
137425 137451
137452 137468
137469 137968
137969 137970
137971 138057
138058 138106
138107 138230
138231 138511
138512 138626
138627 138892
138893 139954
139955 140577
140578 140637
140638 140756
140757 140817
140818 140891
140892 140940
140941 141047
141048 141124
141125 141709
141710 141762
141763 141839
141840 141910
141911 142153
142154 142201
142202 142242
142243 142284
142285 142520
142521 142584
142585 142643
142644 142679
142680 142737
142738 143392
143393 143523
143524 143567
143568 143628
143629 143942
143943 143984
143985 144079
144080 144163
144164 144269
144270 144310
144311 144615
144616 144682
144683 144749
144750 144792
144793 144970
144971 145046
145047 145242
145243 145721
145722 145746
145747 145789
145790 145831
145832 146087
146088 146177
146178 146340
146341 146405
146406 146508
146509 146573
146574 147021
147022 147047
147048 147449
147450 147575
147576 148015
148016 148050
148051 148104
148105 148140
148141 148533
148534 148582
148583 148649
148650 148725
148726 148800
148801 148842
148843 149117
149118 149179
149180 149487
149488 149552
149553 149583
149584 149664
149665 149976
149977 150007
150008 150418
150419 150467
150468 150502
150503 152167
152168 152215
152216 152284
152285 152345
152346 152814
152815 152895
152896 154417
154418 154454
154455 154488
154489 155049
155050 155091
155092 155164
155165 155226
155227 155300
155301 155343
155344 155462
155463 155540
155541 155855
155856 155891
155892 156280
156281 156312
156313 156351
156352 156731
156732 156776
156777 156819
156820 157550
157551 157621
157622 157881
157882 157908
157909 158432
158433 158514
158515 158584
158585 158762
158763 158831
158832 158889
158890 158944
158945 159007
159008 159082
159083 159730
159731 159814
159815 160262
160263 160285
160286 160314
160315 160935
160936 160995
160996 161447
161448 161480
161481 161535
161536 161813
161814 161847
161848 161892
161893 162568
162569 162626
162627 162714
162715 162738
162739 163121
163122 163160
163161 163211
163212 163251
163252 163485
163486 163515
163516 163540
163541 164111
164112 164153
164154 164197
164198 164269
164270 164322
164323 164612
164613 164661
164662 164996
164997 165063
165064 165149
165150 165172
165173 165589
165590 165629
165630 165659
165660 166187
166188 166320
166321 167020
167021 167049
167050 167075
167076 167577
167578 167610
167611 167636
167637 168187
168188 168237
168238 168459
168460 168497
168498 168559
168560 168854
168855 168882
168883 168908
168909 169348
169349 169406
169407 169454
169455 169514
169515 169581
169582 169674
169675 169713
169714 169792
169793 169921
169922 169982
169983 170046
170047 170142
170143 170305
170306 170354
170355 170463
170464 170848
170849 170920
170921 170997
170998 171031
171032 171148
171149 171314
171315 171383
171384 171461
171462 171497
171498 171589
171590 171663
171664 172823
172824 172875
172876 172940
172941 173038
173039 173110
173111 173182
173183 173279
173280 173381
173382 173498
173499 173598
173599 173729
173730 173784
173785 173848
173849 174308
174309 174705
174707 174846
174848 175608
175609 175697
175698 175971
175972 176020
176021 176085
176086 176136
176137 176205
176207 176374
176375 176411
176413 176586
176587 176686
176687 176754
176755 176823
176824 176882
176883 177008
177009 177108
177109 177203
177204 177328
177329 177345
177346 177445
177446 177482
177483 177595
177596 177600
177601 177699
177700 177799
177800 177836
177837 177949
177950 177966
177967 178000
178001 178022
178023 178087
178089 178099
178100 178135
178136 178174
178175 178237
178238 178265
178266 178282
178283 178304
178305 178322
178323 178408
178409 178493
178494 178514
178515 178528
178529 178561
178562 178583
178584 178617
178618 178660
178661 178741
178742 178767
178768 178841
178842 178858
178859 178958
178959 178995
178996 179108
179109 179125
179126 179165
179166 179192
179193 179240
179241 179317
179318 179344
179345 179368
179369 179409
179410 179480
179481 179514
179515 179542
179543 179597
179598 179627
179628 179659
179660 179704
179705 179723
179724 179737
179738 179788
179789 179875
179876 179892
179893 179980
179981 180029
180030 180094
180095 180142
180143 180144
180145 180237
180238 180312
180314 180346
180347 180397
180398 180474
180475 180548
180549 180588
180589 180778
180779 180836
180837 180861
180862 180895
180896 181042
181043 181109
181110 183357
183358 183526
183527 184056
184057 184777
184778 184997
184998 185121
185122 185201
185202 185257
185258 185395
185396 185629
185630 185715
185716 185917
185918 185992
185993 186024
