0 40
41 175
177 566
567 644
645 673
674 952
953 1128
1129 1387
1388 1444
1445 1493
1494 1569
1570 1616
1617 1690
1691 1755
1756 1767
1768 1805
1806 1848
1849 1891
1892 1951
1952 1997
1998 2059
2060 2131
2132 2163
2164 2325
2327 2496
2497 2571
2572 2664
2665 2830
2831 2855
2856 3055
3056 3171
3172 3238
3239 3303
3304 3398
3399 3400
3401 3441
3442 3490
3491 3505
3506 3562
3563 3583
3584 3598
3599 3613
3614 3645
3646 3665
3666 3705
3706 3889
3890 3948
3949 4044
4046 4150
4151 4167
4168 4829
4830 4934
4935 4947
4948 5434
5435 5559
5560 5576
5577 5607
5608 5620
5621 5647
5648 5669
5670 5695
5696 5698
5699 5716
5717 5736
5737 5745
5746 5752
5753 5789
5790 5837
5838 5876
5877 5934
5935 6020
6021 6054
6055 6096
6097 6123
6124 6157
6158 6257
6258 6326
6327 6329
6330 6424
6426 6483
6484 6521
6522 6571
6572 6599
6600 6625
6626 6697
6698 6725
6726 6765
6766 6788
6789 6801
6802 6865
6866 6957
6958 7033
7034 7155
7156 7234
7235 7345
7346 7484
7485 8262
8263 8497
8499 8533
8535 8938
8939 9437
9438 9439
9440 9524
9525 9620
9621 10007
10008 10118
10119 10197
10198 10238
10239 10411
10412 10887
10888 11014
11015 11144
11145 11691
11692 11954
11955 12067
12068 12167
12168 12257
12258 12638
12639 12739
12740 12808
12809 12940
12941 13017
13018 13115
13116 13223
13224 13333
13334 13381
13382 13697
13698 13853
13854 13966
13968 14092
14093 14169
14170 14228
14229 14283
14284 14393
14394 14458
14459 14525
14526 14598
14599 14631
14632 14697
14698 14899
14900 14986
14987 15202
15203 15259
15260 15409
15410 15611
15612 15844
15845 15940
15941 16015
16016 16103
16104 16285
16286 16375
16376 16390
16391 16425
16426 16453
16454 16481
16482 16538
16539 16561
16562 16589
16590 16621
16622 16649
16650 16716
16717 16742
16743 16822
16823 16853
16854 16885
16886 16922
16923 16958
16959 17106
17107 17137
17138 17211
17212 17490
17491 17545
17546 18300
18302 19254
19255 19294
19295 19479
19480 19538
19539 19603
19604 19693
19694 19753
19754 19943
19944 20154
20155 20223
20224 20310
20311 20372
20373 20555
20556 20740
20741 20824
20825 21429
21431 21939
21940 22832
22833 22900
22901 22948
22949 23214
23215 23282
23283 23336
23337 23397
23398 23609
23610 23673
23674 23733
23734 23823
23824 23903
23904 24074
24075 24358
24359 24417
24418 24600
24601 24647
24648 24694
24696 25169
25170 25434
25435 25571
25572 25657
25658 25788
25789 25868
25869 26058
26059 26116
26117 26231
26232 26376
26377 26441
26442 26570
26571 26632
26633 26772
26773 26823
26824 26931
26932 27051
27052 27150
27151 27244
27245 27403
27404 27460
27461 27760
27761 27803
27804 27841
27842 27940
27941 27998
27999 28081
28082 28130
28131 28181
28182 28268
28269 28530
28531 28602
28603 28812
28813 28858
28859 29662
29663 29780
29781 29903
29904 29985
29986 30467
30468 30517
30518 30554
30555 30972
30973 31012
31013 31094
31095 31175
31176 31267
31268 31432
31433 31470
31471 31790
31791 31822
31823 31986
31987 32141
32142 32292
32293 32390
32391 32530
32531 32605
32606 32954
32955 33032
33033 33150
33151 33272
33273 33317
33318 33416
33417 33459
33460 33505
33506 33568
33569 33650
33651 33925
33926 34046
34047 34285
34286 34390
34391 34442
34443 34496
34497 34536
34537 34588
34589 34642
34643 34677
34678 35051
35052 35218
35219 35426
35427 35458
35459 35533
35534 35582
35583 35851
35852 36232
36233 36871
36872 36965
36966 37099
37100 37155
37156 37721
37722 37937
37938 38031
38032 38140
38141 38261
38262 38590
38591 38710
38711 38790
38791 38911
38912 38987
38988 39081
39082 39142
39143 39324
39325 39367
39368 39433
39434 39561
39562 39658
39659 39757
39758 39963
39964 40024
40025 40073
40074 40579
40580 40622
40623 40703
40704 40787
40788 40824
40825 40859
40860 40896
40897 40969
40970 41185
41186 41234
41235 41286
41287 41428
41429 41500
41501 41532
41533 41567
41568 41615
41616 41675
41676 41714
41715 41933
41934 42025
42026 42136
42137 42283
42284 42315
42316 42403
42405 42422
42423 42576
42577 42649
42650 42695
42696 42918
42919 42967
42968 43097
43098 43181
43182 43206
43207 43281
43282 43357
43358 43723
43724 43761
43762 43903
43904 43953
43954 44033
44034 44166
44167 44338
44339 44505
44506 44655
44656 44708
44709 45021
45022 45280
45281 45465
45466 45522
45523 45722
45723 45858
45859 45964
45965 46169
46170 46217
46218 46322
46323 46384
46385 46451
46452 46622
46623 46709
46710 46751
46752 47020
47021 47262
47263 47315
47316 47372
47373 47422
47423 47478
47479 47514
47515 47555
47556 47608
47609 47660
47661 47733
47734 47926
47927 48104
48105 48446
48447 48467
48468 48924
48925 49032
49033 49174
49175 49212
49213 49321
49322 49392
49393 49509
49510 49628
49629 49753
49754 49872
49873 49949
49950 50015
50016 50086
50087 50159
50160 50633
50634 50799
50800 51093
51094 51127
51128 51266
51267 51460
51461 51624
51625 51742
51743 51805
51806 51855
51856 51913
51914 51971
51972 52027
52028 52089
52090 52188
52189 52523
52524 52645
52646 52788
52789 52886
52887 53067
53068 53097
53098 53271
53272 53406
53407 53452
53453 53492
53493 53602
53603 53923
53924 54020
54021 54571
54572 54651
54652 54799
54800 54947
54948 55254
55255 55348
55349 55470
55471 55516
55517 55616
55617 55718
55719 56270
56271 56369
56370 56658
56659 56785
56786 56997
56998 57205
57206 57393
57394 57450
57451 57772
57773 57890
57891 58034
58035 58091
58092 58372
58373 58437
58438 58489
58490 58780
58781 58840
58841 58901
58902 59050
59051 59129
59130 59344
59345 59427
59428 59471
59472 59749
59750 59784
59785 59826
59827 59938
59939 60014
60015 60172
60173 60400
60401 60447
60448 60457
60458 61032
61033 61149
61150 61277
61278 61330
61331 61404
61405 61552
61553 61622
61623 61702
61703 61800
61801 61873
61874 62017
62018 62115
62116 62156
62157 62231
62232 62342
62343 62526
62527 62607
62608 63040
63041 63158
63159 63697
63698 63777
63779 63913
63914 64102
64103 64158
64159 64355
64356 64579
64580 64640
64641 64781
64782 64878
64879 65131
65132 65183
65184 65263
65264 65375
65376 65432
65433 65477
65478 65561
65562 65615
65616 65772
65773 65846
65847 65957
65958 66139
66140 66205
66206 66282
66283 66359
66360 66500
66501 66616
66617 66893
66894 67077
67078 67117
67118 67175
67176 67743
67744 67909
67910 68058
68059 68118
68119 68141
68142 68399
68400 68554
68555 68650
68651 68704
68705 68772
68773 68909
68910 68953
68954 69038
69039 69094
69095 69104
69105 69278
69279 69320
69321 69669
69670 69786
69787 69916
69917 70027
70028 70134
70135 70292
70293 70370
70371 70450
70451 70824
70825 71048
71049 71297
71298 71368
71369 71479
71480 71841
71842 72030
72031 72070
72071 72109
72110 72162
72163 72323
72324 72614
72615 72666
72667 73097
73098 73140
73141 73186
73187 73488
73489 73534
73535 74171
74172 74232
74233 74504
74505 74549
74550 75546
75547 75888
75889 76007
76008 76100
76101 76138
76139 76165
76166 76285
76286 76363
76364 76582
76583 76642
76643 76728
76729 76831
76832 76973
76974 77209
77210 77283
77284 77482
77483 77800
77801 77894
77895 78162
78163 78223
78224 78476
78477 78537
78538 78665
78666 78712
78713 78806
78807 78856
78857 78911
78912 79090
79091 79186
79187 79273
79274 79329
79330 79497
79498 79704
79705 79771
79772 79945
79946 80014
80015 80048
80049 80094
80095 80155
80156 80270
80271 80373
80374 80432
80433 80531
80532 80601
80602 80761
80762 80847
80848 80931
80932 81006
81007 81084
81085 81123
81124 81190
81191 81240
81241 81374
81375 81430
81431 81474
81475 81558
81559 81615
81616 82157
82158 82232
82233 82329
82330 82360
82361 82454
82455 83154
83155 83269
83271 83672
83673 83914
83915 83958
83959 84053
84054 84101
84102 84183
84184 84250
84251 84309
84310 84413
84414 84427
84428 84466
84467 84538
84539 84606
84607 84670
84671 84711
84712 84802
84803 84805
84806 84894
84895 84922
84923 84969
84970 85018
85019 85153
85154 85231
85232 85305
85306 85322
85323 85947
85948 86032
86033 86099
86100 86589
86590 86714
86715 86731
86732 86885
86886 86942
86943 86969
86970 87030
87031 87218
87219 87379
87380 87481
87482 87483
87484 87575
87576 87768
87769 88121
88122 88206
88208 88288
88289 88370
88371 88439
88440 88466
88468 88618
88619 89167
89168 89225
89226 89431
89432 89481
89482 89523
89524 89556
89557 89570
89571 89599
89601 89613
89614 89630
89632 89650
89652 89683
89684 89965
89966 89985
89986 90008
90009 90031
90032 90051
90052 90071
90072 90092
90093 90109
90110 90146
90148 90252
90253 90270
90271 90283
90284 90400
90401 90603
90604 90656
90657 90694
90695 90728
90729 90802
90803 90869
90870 90931
90932 91023
91024 91103
91104 91199
91200 91255
91256 91395
91396 91554
91555 91615
91616 91679
91680 91754
91755 91818
91819 92354
92355 92462
92463 92579
92580 92694
92695 92796
92797 92901
92902 93002
93003 93090
93091 93255
93256 93331
93332 93525
93526 93662
93663 93736
93737 93826
93827 93930
93931 94211
94212 94364
94365 94443
94444 94547
94548 94615
94616 94714
94715 94718
94719 94762
94763 94845
94846 95047
95048 95124
95125 95191
95192 95433
95434 95506
95507 95577
95578 95774
95775 95872
95873 96314
96315 96412
96413 96667
96668 96766
96767 96974
96975 97166
97167 97355
97356 97448
97449 97690
97691 97828
97829 97921
97922 98024
98025 98273
98274 98353
98354 98495
98496 98569
98570 98693
98694 98783
98784 98852
98853 99006
99007 99138
99139 99304
99305 99357
99358 99534
99535 99604
99605 99697
99698 99735
99736 99881
99882 100057
100058 100177
100178 100254
100255 100316
100317 100356
100357 100800
100801 100964
100965 101026
101027 101063
101064 101141
101142 101222
101223 101292
101293 101352
101353 101571
101572 101745
101746 101971
101972 102105
102106 102237
102238 102291
102292 102390
102391 102432
102433 102545
102546 102646
102647 102785
102786 102850
102851 102960
102961 103158
103159 103297
103298 103694
103695 103835
103836 103936
103937 104069
104070 104187
104188 104339
104340 104415
104416 104527
104528 104637
104638 104722
104723 104853
104854 104969
104970 105176
105177 105258
105259 105399
105400 105428
105429 105507
105508 105580
105581 105653
105654 105958
105959 106168
106169 106293
106294 106343
106344 106413
106414 106517
106518 106569
106570 106656
106657 106695
106696 106771
106772 106828
106829 106918
106919 106971
106972 107017
107018 107065
107066 107126
107127 107189
107190 107236
107237 107286
107287 107317
107318 107456
107457 107521
107522 107763
107764 107848
107849 107894
107895 107980
107981 108110
108111 108189
108190 108303
108304 108413
108414 108527
108528 108643
108644 108810
108811 108995
108996 109260
109261 109363
109364 109460
109461 109561
109562 109763
109764 109862
109863 109908
109909 110157
110158 110240
110241 110289
110290 110342
110343 110401
110402 110524
110525 110594
110596 110651
110653 110728
110729 110765
110766 110812
110813 110858
110859 110893
110894 110946
110948 110987
110988 111051
111052 111302
111303 111480
111481 111570
111571 111637
111638 111743
111744 111855
111856 112013
112014 112153
112154 112261
112262 112439
112440 112473
112474 112657
112658 112724
112725 112849
112850 112934
112935 113042
113043 113124
113125 113201
113202 113358
113359 113477
113478 113525
113526 113595
113596 113671
113672 113922
113923 114031
114032 114166
114167 114576
114577 114657
114658 114662
114663 114815
114816 114901
114902 115179
115180 115240
115241 115529
115530 115602
115603 115769
115770 115993
115994 116052
116053 116192
116193 116262
116263 116323
116324 116444
116445 116703
116704 116881
116882 117019
117020 117247
117248 117625
117626 117752
117753 117808
117809 117891
117892 117988
117989 118042
118043 118101
118102 118138
118139 118191
118192 118338
118339 118382
118384 118466
118467 118798
118799 119009
119010 119087
119088 119169
119170 119258
119259 119407
119408 119574
119575 119651
119652 119739
119740 119946
119947 120022
120023 120111
120112 120167
120168 120277
120278 120400
120401 120558
120559 120597
120598 120657
120658 120744
120745 120819
120820 120862
120863 120929
120930 121010
121011 121092
121093 121216
121217 121311
121312 121359
121360 121441
121442 121508
121509 121610
121611 121754
121755 121887
121888 121963
121964 122055
122056 122081
122082 122114
122115 122140
122141 122187
122188 122225
122226 122253
122254 122274
122275 122313
122314 122342
122343 122433
122434 122545
122546 122614
122615 122636
122637 122659
122660 122731
122732 122770
122771 122908
122909 123091
123092 123288
123289 123327
123328 123552
123553 123614
123615 123711
123712 123825
123826 123920
123921 124039
124040 124117
124118 124193
124194 124253
124254 124367
124368 124448
124449 124516
124517 124559
124560 124637
124638 124684
124685 124837
124838 124926
124927 125240
125241 125530
125531 125645
125646 125820
125821 125913
125914 126180
126181 126380
126381 126446
126447 126489
126490 126557
126558 126703
126704 126803
126804 126967
126968 127080
127081 127127
127128 127170
127171 127220
127221 127309
127310 127482
127483 127546
127547 127611
127612 127644
127645 127702
127703 127853
127854 127977
127978 128051
128052 128162
128163 128360
128361 128407
128408 128439
128440 128507
128508 128551
128552 128624
128625 128693
128694 128879
128880 129043
129044 129131
129132 129264
129265 129350
129351 129403
129404 129478
129479 129524
129525 129567
129568 129868
129869 130009
130010 130114
130115 130182
130183 130360
130361 130456
130457 130578
130579 130944
130945 131030
131031 131246
131247 131329
131330 131453
131456 131639
131640 131765
131767 131808
131809 131902
131904 131977
131978 132020
132021 132083
132084 132181
132182 132227
132228 132389
132390 132660
132661 133550
133551 133803
133804 133822
133823 133866
133867 134096
134097 134681
134682 134733
134734 134790
134791 134857
134858 134957
134958 135686
135687 135969
135970 136187
136188 136463
136464 136688
136689 136780
136781 136803
136804 136834
136835 136877
136878 136908
136909 136931
136932 136973
136974 137037
137038 137075
137076 137104
137105 137135
137136 137233
137234 137454
137455 137514
137515 137893
137894 138222
138223 138362
138363 138796
138797 138861
138862 138922
138923 139819
139820 139883
139884 140176
140177 141202
141203 141239
141240 141302
141303 141339
141340 141406
141407 141443
141444 141528
141529 142619
142620 144157
144158 144495
144496 144921
144922 145029
145030 145659
145660 145713
145714 146152
146153 146674
146675 147076
147077 147789
147790 148195
148196 148919
148920 149061
149062 149191
149192 149308
149309 149426
149427 149476
149477 149568
149569 149790
149791 150748
150749 151369
151370 152030
152031 153431
153432 153703
153704 153823
153824 155407
155408 155784
155785 155806
155807 155832
155833 156252
156253 156490
156491 156571
156572 157016
157017 157993
157994 158378
158379 159040
159041 159542
159543 159736
159737 159913
159914 160007
160008 160088
160089 160669
160670 161022
161023 161378
161379 162446
162447 162520
162521 162559
162560 162598
162599 162640
162641 162679
162680 162761
162762 162833
162834 162875
162876 162950
162951 163002
163003 163101
163102 163150
163151 163275
163276 163999
164000 164116
164117 164191
164192 164290
164291 164362
164363 164446
164447 165030
165031 165174
165175 165299
165300 165395
165396 165538
165539 166026
166027 166093
166094 166251
166252 166299
166300 166529
166530 166766
166767 166877
166878 167460
167461 167535
167536 167584
167585 167678
167679 167746
167747 167847
167848 167975
167976 168060
168061 168209
168210 168300
168301 168396
168397 168637
168638 168707
168708 168765
168766 168918
168919 168973
168974 169010
169011 169050
169051 169115
169116 169146
169147 169196
169197 169229
169230 169279
169280 169333
169334 169404
169405 169554
169555 169606
169607 169671
169672 169718
169719 169810
169811 169868
169869 169936
169937 170006
170007 170065
170066 170158
170159 171485
171486 171644
171645 171695
171696 171748
171749 171801
171802 172598
172599 172708
172709 172774
172775 172875
172876 173149
173150 173191
173192 173266
173267 173331
173332 173383
173384 173454
173455 173524
173525 174138
174139 174383
174384 174877
174878 174996
174997 175159
175160 175449
175450 175543
175544 175598
175599 175661
175662 175714
175715 175797
175798 175884
175885 175983
175984 176917
176918 176988
176989 177050
177051 177116
177117 177383
177384 177439
177440 177499
177500 177553
177554 177595
177596 177638
177639 177698
177699 177772
177773 177845
177846 177921
177922 177961
177962 178002
178003 178031
178032 178075
178076 178130
178131 178189
178190 178268
178269 179030
179031 179100
179101 179142
179143 179202
179203 179246
179247 179341
179342 179452
179453 179558
179559 179655
179656 179716
179717 179780
179781 179835
179836 179907
179908 180010
180011 180342
180343 181804
181805 181853
181854 184939
184941 184946
