0 25
26 28
29 107
108 245
246 734
735 836
837 891
892 1272
1273 2081
2082 2266
2267 2333
2335 2385
2387 2828
2829 3594
3595 3766
3767 3953
3954 4017
4018 4894
4895 5022
5023 5085
5086 5255
5256 5377
5378 5672
5673 5824
5825 5895
5896 5947
5948 6292
6293 6531
6532 6699
6700 6921
6922 7069
7070 7211
7212 7276
7277 7449
7450 7594
7595 7968
7969 8059
8060 8308
8309 8452
8453 8593
8594 8721
8722 9008
9009 9103
9104 9186
9187 9293
9294 9403
9404 9480
9481 9610
9611 9728
9729 10064
10065 10144
10145 10358
10359 10597
10598 10681
10682 10937
10938 11025
11026 11618
11619 11689
11690 11730
11731 11811
11812 11882
11883 11930
11931 13701
13702 13758
13759 13823
13824 13864
13865 14143
14144 14235
14236 14511
14512 14586
14587 14624
14625 14751
14752 14852
14853 15118
15119 15209
15210 15257
15258 15354
15355 15561
15562 15694
15695 16042
16043 16112
16113 16163
16164 16264
16265 16385
16386 16441
16442 16504
16505 16548
16549 16636
16637 16687
16688 16821
16822 16927
16928 17045
17046 17093
17094 17168
17169 17229
17230 17354
17355 17386
17387 17563
17564 17743
17744 17845
17846 17942
17943 18156
18157 18228
18229 18309
18310 18371
18372 18592
18593 18703
18704 18777
18778 18881
18882 18919
18920 18959
18960 19043
19044 19143
19144 19331
19332 20062
20063 20201
20202 20288
20289 21272
21273 21486
21487 21720
21721 22069
22070 22364
22365 22534
22535 22597
22598 22934
22935 22993
22994 23098
23099 23315
23316 23373
23374 23424
23425 23569
23570 23627
23628 23696
23697 23750
23751 23896
23897 24023
24024 24092
24093 24241
24242 24341
24342 24405
24406 24604
24605 24679
24680 24870
24871 24951
24952 25614
25615 25737
25738 26094
26095 26166
26167 26206
26207 26252
26253 26309
26310 26734
26735 26792
26793 26916
26917 26970
26971 27035
27036 27227
27228 27313
27314 27383
27384 27414
27415 27454
27455 27501
27502 27557
27558 27770
27771 27865
27866 27958
27959 28190
28191 28293
28294 28350
28351 28522
28523 28580
28581 28630
28631 28675
28676 28897
28898 29111
29112 29187
29188 29246
29247 29716
29717 29780
29781 29946
29947 29988
29989 30099
30100 30136
30137 30431
30432 30502
30503 30542
30543 30725
30726 30950
30951 31048
31049 31088
31089 31169
31170 31300
31301 31408
31409 32093
32094 32162
32163 32580
32581 32665
32666 32773
32774 32835
32836 33564
33565 33628
33629 33754
33755 33814
33815 34405
34406 34633
34634 34662
34663 34784
34785 35052
35053 35199
35200 35864
35865 36025
36027 36100
36101 36126
36127 36173
36174 36209
36210 36241
36242 36304
36305 36453
36454 36549
36550 36713
36714 36819
36820 36878
36879 36937
36938 37007
37008 37191
37192 37246
37247 37455
37456 37684
37685 37793
37794 37868
37869 37903
37904 38154
38155 38444
38445 38672
38673 38753
38754 38787
38788 38843
38844 39051
39052 39184
39185 39231
39232 39362
39363 39422
39423 39511
39512 39668
39669 39720
39721 39772
39773 39912
39913 40205
40207 41246
41247 41301
41302 41439
41441 41920
41922 42121
42122 42175
42176 42376
42377 42691
42692 42759
42760 43096
43097 43794
43795 43924
43925 44010
44011 44257
44258 44340
44341 44525
44526 44588
44589 44695
44696 45019
45020 45065
45066 45123
45124 45293
45294 45452
45453 45575
45576 45742
45743 45783
45784 45877
45878 46150
46151 46338
46339 46423
46424 46475
46476 46570
46571 46761
46762 46856
46857 46916
46917 46972
46973 47166
47167 47220
47221 47285
47286 47421
47422 47584
47585 47667
47668 47734
47735 48181
48182 48285
48286 48340
48341 48538
48539 48582
48583 48656
48657 48755
48756 48978
48979 49014
49015 49075
49076 49185
49186 49324
49325 49479
49480 49521
49522 49681
49682 49872
49873 49951
49952 50047
50048 50128
50129 50216
50217 50367
50368 50873
50874 50923
50924 51024
51025 51150
51151 51257
51258 51474
51475 51596
51597 51742
51743 51872
51873 51999
52000 52109
52110 52309
52310 52390
52391 52612
52613 53003
53004 53075
53076 53259
53260 53324
53325 53545
53546 53622
53623 53980
53981 54130
54131 54569
54570 54579
54580 55390
55392 55568
55569 55806
55807 56031
56032 56089
56090 56147
56148 56252
56253 56382
56383 56490
56491 57330
57331 57425
57426 57499
57500 57624
57625 57996
57997 58046
58047 58138
58139 58253
58254 58428
58429 58546
58547 58704
58705 58819
58820 58882
58883 59002
59003 59068
59069 59197
59198 59285
59286 59363
59364 59440
59441 59580
59581 59654
59655 59781
59782 59947
59948 60087
60088 60361
60362 60506
60507 60609
60610 60758
60760 60825
60826 60876
60877 60945
60946 61154
61155 61227
61228 61318
61319 61431
61432 61513
61514 61701
61702 62335
62336 62376
62377 62500
62501 62609
62610 62918
62919 63023
63024 63088
63089 63181
63182 63243
63244 63409
63410 63475
63476 63576
63577 63766
63767 63818
63819 63898
63899 64200
64201 64286
64287 64404
64405 64468
64469 64623
64624 64667
64668 64867
64868 65231
65232 65362
65363 65446
65447 65627
65628 65698
65699 65874
65875 65951
65952 66047
66048 66184
66185 66633
66634 66778
66779 66854
66855 66936
66937 67269
67270 67367
67368 67534
67535 67648
67649 67724
67725 67952
67953 68037
68038 68098
68099 68213
68214 68998
68999 69183
69184 69223
69224 69280
69281 69308
69309 69452
69453 69501
69502 69614
69615 69648
69649 69802
69803 69856
69857 69963
69964 70153
70154 70193
70194 70350
70351 70395
70396 70515
70516 70705
70706 70816
70817 70890
70891 70938
70939 71084
71085 71395
71396 71433
71434 71630
71631 71671
71672 71718
71719 71758
71759 71801
71802 71836
71837 71911
71912 71993
71994 72109
72110 72140
72141 72283
72284 72305
72306 72471
72472 72508
72509 72558
72559 72730
72731 72812
72813 72856
72857 72892
72893 72952
72953 72990
72991 73034
73035 73163
73164 73206
73207 73245
73246 73316
73317 73482
73483 73547
73548 73647
73648 74099
74100 74177
74178 74264
74265 74318
74319 74359
74360 74496
74497 74573
74574 74754
74755 75032
75033 75136
75137 75296
75297 75377
75378 75545
75546 75941
75942 76019
76020 76325
76326 76361
76362 76480
76481 76524
76525 76585
76586 76776
76777 77410
77411 77537
77538 77706
77707 77785
77786 78158
78159 78213
78214 78300
78301 78348
78349 78887
78888 78954
78955 79345
79346 79449
79450 79520
79521 79557
79558 79634
79635 79697
79698 79780
79781 79912
79913 80001
80002 80098
80099 80461
80462 80564
80565 80762
80763 80821
80822 80981
80982 81081
81082 81180
81181 81227
81228 81266
81267 81307
81308 81383
81384 81480
81481 81523
81524 81561
81562 81658
81659 81697
81698 81744
81745 81895
81896 81929
81930 82044
82045 82110
82111 82328
82329 82390
82391 82440
82441 82498
82499 83050
83051 83120
83121 83251
83252 83389
83390 83500
83501 84039
84040 84087
84088 84140
84141 84225
84226 84338
84339 84586
84588 84911
84912 85168
85169 85209
85210 85473
85474 85588
85589 85954
85955 85992
85993 86513
86514 86610
86611 87031
87032 87089
87090 87143
87144 87209
87210 87392
87393 87921
87922 87999
88000 88052
88053 88163
88164 88203
88204 88254
88255 88743
88744 89101
89103 89166
89168 89463
89464 89604
89605 89919
89920 89972
89973 90203
90205 90252
90253 90289
90290 90363
90364 90423
90425 90513
90515 90693
90694 90697
90698 90724
90725 90755
90756 90785
90786 90789
90790 90839
90840 90875
90876 90913
90914 90951
90952 90988
90989 91014
91015 91040
91041 91074
91075 91126
91127 91162
91163 91184
91185 91233
91234 91281
91283 91454
91456 91458
91459 91498
91499 91532
91533 91561
91562 91586
91587 91664
91665 91681
91682 92272
92273 92301
92302 92414
92415 92452
92453 92607
92608 92681
92682 92698
92699 92735
92736 92776
92777 92815
92817 92871
92872 92906
92907 92938
92940 92985
92986 93153
93154 93169
93170 93185
93186 93203
93204 93226
93227 93302
93304 93447
93448 93450
93451 93542
93543 93599
93601 93777
93778 93806
93807 93940
93941 94001
94002 94063
94064 94104
94105 94344
94345 94466
94467 94474
94475 94480
94481 94638
94639 94790
94791 95051
95052 95213
95214 95343
95344 95593
95594 95629
95631 95807
95808 95884
95885 95991
95992 96082
96083 96176
96177 96245
96246 96302
96303 96511
96512 96638
96639 96687
96688 96755
96756 96832
96833 96897
96898 96989
96990 97268
97269 97371
97372 97464
97465 97632
97633 97865
97866 97930
97932 97980
97981 98834
98835 99040
99041 99078
99079 99168
99169 99251
99252 99279
99280 99367
99368 99439
99440 99467
99468 99503
99504 99583
99584 99589
99591 99653
99654 99687
99688 99707
99708 99735
99736 99771
99772 99791
99792 99819
99820 99855
99856 99917
99918 99951
99952 100045
100046 100663
100664 100913
100914 100964
100966 101087
101088 101197
101198 101237
101238 101316
101318 101377
101378 101399
101400 101427
101428 101511
101512 101559
101560 101611
101612 101687
101688 101872
101873 101935
101936 102043
102044 102109
102110 102239
102240 102280
102281 102342
102343 102512
102513 102544
102545 102576
102577 102711
102712 102754
102755 102776
102777 102806
102807 102894
102895 102926
102927 102960
102961 102980
102981 103128
103130 103164
103165 103258
103259 103286
103287 103320
103321 103509
103510 103573
103574 103599
103600 103696
103697 103822
103823 103878
103879 103913
103914 103943
103944 103991
103992 104013
104014 104069
104070 104144
104145 104172
104173 104240
104242 104302
104303 104426
104427 104516
104517 104636
104637 104730
104731 104814
104815 104914
104915 104985
104986 105041
105042 105085
105086 105119
105120 105185
105186 105233
105234 105285
105286 105337
105338 105381
105382 105465
105466 105515
105516 105606
105607 105655
105656 105675
105676 105785
105786 105817
105818 105893
105894 105995
105996 106217
106218 106257
106258 106289
106290 106321
106322 106379
106380 106407
106408 106475
106476 106515
106516 106551
106552 106585
106586 106629
106630 106671
106672 106717
106718 106743
106744 106789
106790 106911
106912 106981
106982 107065
107066 107131
107132 107223
107224 107251
107252 107279
107280 107291
107292 107335
107336 107397
107398 107429
107430 107461
107462 107485
107486 107519
107520 107595
107596 107747
107748 107781
107782 107799
107800 107864
107865 107940
107941 107964
107965 108075
108076 108114
108115 108184
108185 108222
108223 108248
108249 108280
108281 108332
108333 108368
108369 108392
108393 108444
108445 108476
108477 108500
108501 108524
108525 108544
108545 108564
108565 108596
108597 108620
108621 108652
108653 108688
108689 108724
108725 108764
108765 108800
108801 108955
108956 108994
108995 109061
109063 109186
109187 109262
109263 109334
109335 109382
109383 109412
109413 109512
109513 109560
109561 109594
109595 109651
109653 109704
109705 109744
109745 109780
109781 109826
109827 109848
109849 109896
109897 109952
109953 110010
110011 110045
110046 110081
110082 110113
110114 110149
110150 110213
110214 110289
110290 110377
110378 110485
110486 110535
110536 110549
110550 110571
110572 110601
110602 110623
110624 110659
110660 110681
110682 110713
110714 110747
110748 110785
110786 110837
110838 110899
110900 110923
110924 110995
110996 111009
111010 111027
111028 111061
111062 111105
111106 111155
111156 111207
111208 111221
111222 111249
111250 111271
111272 111292
111293 111357
111358 111446
111447 111520
111521 111638
111639 111744
111745 111882
111883 111914
111915 111930
111931 111982
111983 112026
112027 112114
112115 112158
112159 112224
112225 112290
112291 112426
112427 112488
112489 112580
112581 112644
112645 112720
112721 112828
112829 112890
112891 112964
112965 113010
113011 113072
113073 113198
113199 113302
113303 113394
113395 113480
113481 113523
113524 113575
113576 113703
113704 113955
113956 113977
113978 114023
114025 114067
114068 114123
114124 114165
114166 114237
114238 114281
114282 114343
114344 114398
114399 114444
114445 114470
114471 114506
114507 114554
114555 114689
114690 114745
114746 114773
114774 114817
114818 114919
114921 114995
114996 115079
115080 115165
115166 115243
115244 115286
115287 115351
115352 115368
115369 115459
115460 115528
115529 115583
115584 115650
115651 115706
115707 115770
115771 115842
115843 115870
115871 115895
115896 115940
115941 115968
115969 115984
115985 116025
116026 116121
116122 116194
116195 116254
116255 116399
116400 116453
116454 116487
116488 116532
116533 116582
116583 116682
116683 116750
116751 116920
116921 116993
116994 117104
117105 117290
117291 117424
117425 117686
117687 117855
117856 118007
118008 118051
118052 118106
118107 118251
118252 118291
118292 118329
118330 118351
118352 118605
118606 118659
118660 118711
118712 118942
118943 119268
119271 119458
119459 119514
119515 119586
119587 119666
119667 119772
119773 119899
119900 120154
120155 120277
120278 120470
120471 120532
120533 120662
120663 120838
120839 120933
120934 120997
120998 121130
121131 121206
121207 121285
121286 121339
121340 121432
121433 121468
121469 121672
121673 121770
121771 121873
121874 121924
121925 121938
121939 121975
121976 122093
122094 122206
122207 122253
122254 122282
122283 122336
122337 122363
122364 122414
122415 122462
122463 122606
122607 122627
122628 122761
122762 123185
123186 123250
123251 123320
123322 123387
123388 123589
123590 123651
123652 123687
123688 123874
123875 123909
123910 123920
123921 123965
123966 124164
124165 124218
124219 124426
124427 124494
124495 124625
124626 124883
124884 124952
124953 125036
125037 125191
125192 125260
125261 125322
125323 125365
125366 125555
125556 125592
125593 125618
125619 125666
125667 125689
125690 125718
125719 125782
125783 125802
125803 125836
125837 125872
125873 126018
126019 126148
126149 126568
126569 126738
126739 126790
126791 126849
126850 127062
127063 127112
127113 127172
127173 127445
127446 127503
127504 127577
127578 127611
127612 127678
127679 127712
127713 127762
127763 127800
127801 127911
127912 127940
127941 127968
127969 127998
127999 128212
128213 128243
128244 128285
128286 128306
128307 128513
128514 128568
128569 128674
128675 128875
128876 128957
128958 129009
129010 129138
129139 129302
129303 129369
129370 129530
129531 129541
129542 129618
129619 129692
129693 129769
129770 129815
129816 129884
129885 129914
129915 129967
129968 130083
130084 130178
130179 130226
130227 130251
130252 130300
130301 130629
130630 130711
130712 130743
130744 131224
131225 131627
131628 131773
131774 131807
131808 131825
131826 131955
131956 132355
132357 132419
132420 132549
132550 132739
132740 132954
132955 133074
133075 133523
133524 133691
133692 133948
133949 134013
134014 134062
134063 134123
134124 134228
134229 134328
134329 134429
134430 134528
134529 134585
134586 134693
134694 134835
134836 134880
134881 135105
135106 135289
135290 135459
135460 135649
135650 135735
135736 135784
135785 135880
135881 135940
135941 136014
136015 136074
136075 136097
136098 136190
136191 136215
136216 136288
136289 136305
136306 136321
136322 136338
136339 136352
136353 136419
136420 136466
136467 136487
136488 136511
136512 136549
136550 136564
136565 136634
136635 136668
136669 136712
136713 136766
136767 136808
136809 136835
136836 136870
136871 136981
136982 137012
137013 137058
137059 137271
137272 137458
137459 137738
137739 137865
137868 137948
137950 138181
138183 138224
138226 138283
138285 138370
138373 138481
138483 138580
138583 138884
138885 138935
138936 138987
138988 139063
139064 139200
139201 139331
139332 139537
139538 139624
139625 140413
140414 140617
140618 140758
140759 140849
140850 140977
140978 141475
141476 141551
141552 141576
141577 141608
141609 141779
141780 141837
141838 141938
141939 142164
142165 142247
142248 142312
142313 142375
142376 142440
142441 142537
142538 142612
142613 142705
142706 142793
142794 142925
142926 143097
143098 143227
143228 143527
143528 143550
143551 143580
143581 143836
143837 144008
144009 144122
144123 144173
144174 144365
144366 144393
144394 144417
144418 144603
144604 144673
144674 144775
144776 145066
145067 145136
145137 145301
145302 145362
145363 145543
145544 145709
145710 145781
145782 145851
145852 145910
145911 146039
146040 146139
146140 146166
146167 146197
146198 146224
146225 146337
146338 146411
146412 146450
146451 146475
146476 146508
146509 146575
146576 146628
146629 146673
146674 146746
146747 146828
146829 146924
146925 146994
146995 147045
147046 147106
147107 147170
147171 147232
147233 147292
147293 147358
147359 147488
147489 147517
147518 147556
147557 147593
147594 147645
147646 147786
147788 147861
147862 147906
147907 147947
147948 148008
148009 148045
148046 148109
148110 148245
148246 148355
148356 148404
148405 148575
148576 148638
148639 148678
148679 148808
148809 148853
148854 148892
148893 148927
148928 148970
148971 149087
149088 149223
149224 149295
149296 149367
149368 149415
149416 149588
149589 149653
149654 149721
149722 149839
149840 150003
150004 150395
150396 150624
150625 150741
150742 150776
150777 150825
150826 150958
150959 151520
151521 151522
151523 151670
151671 152120
152121 152192
152193 152244
152245 152745
152746 152802
152804 153060
153061 153083
153084 153128
153129 153166
153167 153191
153192 153226
153227 153274
153275 153298
153299 153322
153323 153345
153346 153370
153371 153488
153489 153536
153537 153560
153561 153707
153709 153782
153783 153839
153840 153897
153898 153947
153948 153997
153998 154048
154049 154098
154099 154147
154148 154197
154198 154275
154276 154332
154333 154381
154382 154421
154423 154689
154690 154894
154895 155137
155138 155220
155221 155533
155534 155717
155718 156257
156258 156517
156518 156655
156656 156966
156967 157017
157018 157075
157076 157342
157343 157397
157398 157470
157471 157529
157530 157607
157608 157805
157806 157873
157874 158118
158119 158210
158211 158504
158505 158769
158770 159110
159111 159226
159227 159484
159485 159577
159578 159662
159663 160355
160356 160782
160783 161003
161004 161162
161163 161279
161280 161593
161594 161646
161647 161945
161946 162018
162019 162387
162388 162621
162622 162764
162765 163033
163034 163166
163167 163245
163246 163532
163533 163652
163653 163730
163731 163820
163821 163892
163893 163969
163970 164076
164077 164234
164235 164389
164390 164465
164466 164556
164557 164605
164606 164970
164971 165182
165183 165295
165296 165481
165482 165567
165568 166167
166168 166327
166328 166555
166556 166863
166864 166994
166995 167243
167244 167333
167334 167749
167750 167925
167926 167998
167999 168257
168258 168448
168449 168893
168894 169029
169030 169092
169093 169361
169362 170075
170076 170162
170163 170234
170235 170372
170373 170477
170478 170587
170588 170808
170809 170955
170956 171032
171033 171138
171139 171260
171261 171346
171347 171453
171454 171544
171545 171605
171606 171692
171693 171772
171773 171961
171962 172040
172041 172181
172182 172959
172960 173118
173119 173190
173191 173291
173292 173381
173382 173474
173477 173556
173557 173631
173632 173834
173835 174093
174094 174378
174379 174449
174450 174496
174497 174559
174560 174671
174672 174722
174723 174839
174840 174885
174886 174943
174944 175044
175045 175089
175090 175343
175344 175501
175502 175614
175615 175662
175663 175957
175958 176037
176038 176162
176163 176205
176206 176272
176273 176367
176368 176617
176618 176666
176667 176934
176935 176964
176965 177004
177005 177061
177062 177283
177284 177350
177351 177373
177374 177415
177416 177476
177477 177546
177547 177589
177590 177652
177653 177685
177686 177759
177760 177805
177806 177840
177841 177882
177883 177918
177919 177955
177956 177989
177990 178057
178058 178083
178084 178145
178146 178180
178181 178208
178209 178224
178225 178304
178305 178336
178337 178359
178360 178388
178389 178414
178415 178541
178542 178671
178672 178685
178686 178759
178760 178800
178801 178851
178852 178905
178906 178946
178947 178997
178998 179050
179051 179094
179095 179148
179149 179184
179185 179219
179220 179250
179251 179346
179347 179385
179386 179421
179422 179454
179455 179484
179485 179546
179547 179590
179591 179670
179671 179715
179716 179745
179746 179809
179810 179855
179856 179893
179894 179958
179959 180034
180035 180077
180078 180128
180129 180169
180170 180208
180209 180239
180240 180320
180321 180360
180361 180414
180415 180493
180494 180523
180524 180587
180588 180620
180621 180685
180686 180735
180736 180771
180772 180803
180804 180853
180854 180980
180981 181049
181051 181250
181251 181298
181299 181356
181357 181497
181498 181616
181617 181992
181993 182177
182178 182201
182202 182231
182232 182245
182246 182285
182286 182369
182370 182757
182758 182836
182838 182906
182908 182945
182946 183170
183172 183250
183252 183364
183366 183474
183475 183671
183672 183728
183730 183942
183944 183981
183983 184116
184118 184159
184160 184352
184354 184602
184604 185160
185161 185766
185767 185953
185954 186021
186022 186555
186556 186745
186747 186863
186864 186894
