0 52
53 82
83 913
914 1073
1075 1287
1288 2549
2550 2579
2581 7591
7592 8342
8343 8577
8579 8613
8615 9056
9057 9180
9181 9310
9311 9857
9858 10120
10121 10233
10234 10333
10334 10374
10375 10772
10773 10875
10876 10944
10945 11076
11077 11153
11154 11251
11252 11359
11360 11469
11470 11525
11526 11833
11834 11988
11989 12101
12103 12227
12228 12304
12305 12362
12363 12417
12418 12527
12528 12592
12593 12659
12660 12732
12733 12989
12990 13118
13119 13155
13156 13321
13322 13581
13582 13982
13983 14089
14090 14196
14197 14535
14536 14825
14826 14954
14955 15050
15051 15217
15218 15379
15380 15458
15459 15752
15755 16004
16005 16034
16035 16063
16064 16094
16095 16124
16125 16153
16154 16184
16185 16376
16378 16530
16531 16734
16735 16817
16818 17238
17240 17292
17293 17458
17459 17617
17618 17837
17838 18651
18652 18743
18744 18946
18947 19041
19042 19149
19150 19387
19388 19483
19484 19610
19611 19722
19723 19830
19831 19917
19918 20081
20082 20275
20276 20402
20403 20703
20704 20786
20787 21185
21187 21239
21240 21289
21290 21336
21337 21450
21451 21597
21598 21642
21643 21725
21726 22172
22173 22245
22246 22303
22304 22451
22452 22514
22515 22902
22903 22958
22959 23037
23038 23327
23328 23705
23706 23798
23799 23870
23871 23973
23974 24082
24083 24345
24346 24408
24409 24450
24451 24840
24841 24894
24895 24955
24956 25045
25046 25401
25402 25677
25678 25785
25786 26053
26054 26147
26148 26322
26323 26613
26614 26696
26697 26912
26913 27026
27027 27520
27521 27691
27692 28219
28221 28274
28275 28399
28400 28451
28452 28484
28485 28544
28545 28724
28725 29103
29104 29235
29236 29296
29297 29405
29406 29628
29629 29942
29943 30107
30108 30242
30243 30444
30445 30677
30678 31230
31231 31284
31285 31369
31370 31633
31634 32221
32222 32580
32581 32764
32765 32841
32842 33057
33058 33388
33389 33887
33888 33966
33967 34061
34062 34144
34145 34551
34553 34605
34606 34785
34786 34871
34872 35078
35079 35383
35384 35485
35486 35580
35581 35660
35661 35735
35736 35835
35836 35953
35954 36047
36048 36263
36264 36427
36428 36866
36867 36919
36920 36989
36990 37175
37176 37426
37427 37812
37813 37982
37983 38126
38127 38595
38596 38699
38700 38831
38832 39279
39280 39651
39652 39788
39789 39889
39890 40078
40079 40463
40464 40655
40656 40772
40773 41258
41259 41312
41313 41471
41472 41872
41873 42023
42024 42152
42153 42625
42626 42848
42849 43116
43117 43233
43234 43363
43364 43475
43476 43558
43559 43933
43934 43987
43988 44195
44196 44248
44249 44352
44353 44424
44425 44672
44673 44793
44794 44956
44957 45038
45039 45291
45292 45353
45354 45657
45658 45804
45805 46355
46356 46409
46410 46449
46450 46478
46479 46507
46508 46540
46541 46624
46625 46991
46992 47108
47109 47143
47144 47201
47202 47478
47479 47582
47583 47906
47907 47984
47985 48097
48098 48536
48537 48717
48718 48927
48928 49095
49096 49377
49378 49655
49656 49804
49805 49957
49958 50097
50098 50264
50265 50554
50555 50867
50868 51014
51015 51517
51518 52454
52455 52525
52526 53306
53307 53542
53543 53578
53579 54019
54020 54139
54140 54269
54270 54816
54817 55079
55080 55192
55193 55292
55293 55353
55354 55726
55727 55823
55824 55892
55893 56024
56025 56101
56102 56199
56200 56307
56308 56417
56418 56470
56471 56818
56819 56970
56971 57083
57085 57209
57210 57286
57287 57344
57345 57399
57400 57509
57510 57574
57575 57641
57642 57714
57715 57968
57969 58097
58098 58134
58135 58300
58301 58535
58536 58969
58970 59079
59080 59186
59187 59525
59526 59815
59816 59895
59896 59971
59972 60173
60174 60367
60368 60458
60459 60961
60962 60979
60980 61020
61021 61179
61180 61319
61320 61532
61533 63185
63187 63560
63562 63720
63721 64133
64134 64249
64250 64792
64793 65033
65036 65116
65117 65221
65222 65343
65344 65365
65366 65503
65504 65724
65725 65995
65996 66090
66091 66190
66191 66332
66333 66412
66413 66503
66504 66580
66581 66783
66784 67121
67122 67396
67397 67949
67950 68207
68208 68314
68315 68678
68679 68894
68895 69191
69192 69364
69366 69649
69650 69736
69738 69902
69903 70224
70225 70439
70440 70722
70723 70977
70978 71150
71151 71368
71369 71586
71587 71780
71781 72001
72002 72152
72153 72196
72197 72460
72461 72689
72690 73388
73389 74054
74055 74421
74422 74485
74486 74690
74691 74782
74783 74885
74886 74998
74999 75071
75072 75347
75348 75405
75406 75555
75556 75652
75653 75821
75822 75923
75924 76121
76122 76162
76163 76532
76533 76737
76738 76911
76912 76975
76976 77302
77303 77354
77355 77407
77408 77706
77707 77756
77757 77903
77904 78120
78121 78207
78208 78373
78374 78418
78419 78567
78568 78602
78603 78718
78719 79122
79124 79507
79508 79610
79611 79869
79870 80049
80050 80200
80201 80247
80248 80296
80297 80372
80375 80459
80460 81526
81527 81708
81709 81738
81739 81790
81791 81953
81954 82354
82355 82568
82569 82755
82756 83209
83210 83356
83357 83669
83670 83764
83765 83834
83835 84127
84128 84475
84476 84700
84701 85006
85007 85219
85220 85416
85417 85608
85609 85838
85839 86039
86040 86286
86287 86333
86334 87004
87005 87123
87124 87216
87217 87368
87369 87658
87659 87702
87703 88135
88136 88201
88202 88275
88276 88367
88368 88482
88483 89153
89154 89268
89269 89640
89641 89701
89702 89846
89847 89952
89953 90068
90069 90199
90200 90320
90321 90606
90607 90680
90681 91216
91217 91372
91373 91761
91763 91826
91827 92375
92376 92499
92500 92756
92757 92815
92816 93291
93292 93387
93388 93459
93460 93949
93950 94011
94012 94346
94347 94738
94739 94812
94813 94908
94909 94946
94947 94972
94973 94998
94999 95064
95065 95095
95096 95131
95132 95197
95198 95235
95237 95288
95289 95427
95428 95521
95522 95549
95550 95621
95622 95715
95716 95798
95799 95969
95970 96035
96036 96052
96053 96714
96715 96819
96820 96920
96921 97040
97041 97076
97077 97107
97108 97194
97195 97196
97197 97294
97295 98094
98095 98330
98331 98366
98367 98817
98818 98937
98938 99067
99068 99614
99615 99877
99878 99990
99991 100090
100091 100158
100159 100545
100546 100642
100643 100711
100712 100843
100844 100920
100921 101018
101019 101126
101127 101236
101237 101309
101310 101632
101633 101789
101790 101902
101904 102028
102029 102105
102106 102163
102164 102218
102219 102328
102329 102393
102394 102460
102461 102533
102534 102760
102761 102889
102890 102926
102927 103092
103093 103326
103327 103745
103746 103855
103856 103962
103963 104301
104302 104591
104592 104698
104699 104784
104785 104972
104973 105140
105141 105239
105240 105330
105331 105704
105705 106082
106083 106099
106100 106316
106317 106479
106480 106539
106540 106690
106691 106740
106741 106849
106850 106866
106867 106984
106985 107032
107033 107058
107059 107076
107077 107177
107178 107213
107214 107361
107362 107441
107442 107542
107543 107616
107617 107633
107634 107758
107759 107900
107901 107917
107918 107972
107974 108119
108121 108134
108135 108373
108375 108495
108497 108583
108585 108661
108664 108669
108670 108764
108765 108779
108780 108810
108811 108870
108871 109012
109014 109248
109249 109695
109696 110861
110862 110910
110911 111184
111185 111226
111227 111285
111286 111453
111454 112102
112103 112202
112203 112450
112451 112493
112494 112748
112749 112857
112858 113331
113332 113439
113440 113764
113765 114358
114359 114444
114445 114505
114506 114807
114808 114860
114861 115058
115059 115468
115469 116235
116236 116308
116309 116511
116512 117462
117463 117552
117553 118178
118179 118282
118283 118617
118618 118823
118824 118909
118911 119038
119039 119318
119319 119526
119527 119682
119683 119891
119892 120094
120095 120314
120315 120532
120533 120756
120757 120895
120896 121028
121029 121071
121072 121317
121318 121566
121567 122251
122252 122828
122829 123194
123195 123258
123259 123463
123464 123555
123556 123658
123659 123771
123772 123844
123845 124120
124121 124178
124179 124328
124329 124425
124426 124594
124595 124696
124697 124894
124895 124932
124933 125294
125295 125510
125511 125681
125682 125745
125746 126072
126073 126124
126125 126177
126178 126476
126477 126526
126527 126673
126674 126890
126891 126977
126978 127143
127144 127188
127189 127337
127338 127374
127375 127472
127473 127933
127935 128014
128015 128329
128330 128564
128565 128777
128778 128934
128935 129126
129127 129371
129372 129443
129444 129713
129714 129952
129953 130053
130054 130287
130288 130696
130697 131129
131130 131375
131376 131675
131676 132086
132087 132245
132246 132472
132475 132625
132626 132682
132683 133321
133322 133473
133474 133822
133823 133864
133865 134478
134479 134773
134774 134880
134881 134929
134930 135280
135281 135358
135359 136065
136066 136130
136131 136437
136438 136589
136590 136676
136678 136905
136906 137030
137031 137142
137143 137159
137160 137253
137254 137479
137480 137709
137710 137823
137824 137976
137977 138025
138027 138093
138094 138695
138696 138756
138757 139038
139039 139115
139116 139369
139370 139532
139533 139608
139609 139702
139703 139781
139782 140134
140135 140183
140184 140316
140317 140378
140379 140502
140503 140576
140577 140741
140742 140914
140915 140981
140982 141471
141472 141596
141597 141613
141614 142238
142239 142255
142256 142281
142282 142319
142320 142371
142372 142406
142407 142448
142449 142471
142472 142500
142501 142630
142631 142633
142634 142732
142733 143513
143514 143748
143750 143784
143786 144225
144226 144353
144354 144483
144484 145030
145031 145293
145294 145406
145407 145506
145507 145580
145581 145961
145962 146062
146063 146131
146132 146263
146264 146340
146341 146438
146439 146546
146547 146656
146657 146726
146727 147034
147035 147187
147188 147300
147302 147426
147427 147503
147504 147561
147562 147616
147617 147726
147727 147791
147792 147858
147859 148122
148123 148251
148252 148288
148289 148454
148455 148684
148685 149078
149079 149185
149186 149292
149293 149631
149632 149921
149922 149965
149966 150052
150053 150268
150269 150405
150406 150491
150493 150547
150548 150589
150590 150723
150724 150944
150945 152436
152438 152807
152808 152967
152968 153380
153381 153496
153497 154039
154040 154281
154284 154364
154365 154469
154470 154591
154592 154613
154614 154751
154752 154972
154973 155243
155244 155338
155339 155438
155439 155580
155581 155660
155661 155751
155752 155828
155829 156031
156032 156369
156370 156645
156646 157198
157199 157456
157457 157563
157564 157927
157928 158142
158143 158439
158440 158604
158605 158879
158880 158964
158965 159126
159127 159410
159411 159599
159600 159864
159865 160107
160108 160319
160320 160478
160479 160650
160651 160836
160837 161039
161040 161196
161197 161241
161242 161477
161478 161683
161684 162546
162547 163200
163201 163564
163565 163628
163629 163833
163834 163925
163926 164028
164029 164141
164142 164214
164215 164490
164491 164548
164549 164698
164699 164795
164796 164964
164965 165066
165067 165264
165265 165302
165303 165698
165699 165883
165884 166724
166725 167787
167788 167867
167868 168546
168547 168593
168594 168854
168855 168930
168931 169083
169084 169130
169131 169611
169612 169751
169752 169848
169849 170756
170757 170853
170854 171201
171202 171411
171412 171848
171849 171919
171920 172042
172043 172107
172108 172792
172793 172880
172881 173230
173231 173323
173324 173650
173651 173692
173693 173979
173980 174126
174127 174563
174564 174683
174684 174908
174909 175059
175060 175847
175848 175900
175901 175961
175963 176076
176077 176149
176150 176197
176198 176335
176336 176429
176430 176479
176480 176550
176551 176644
176645 176713
176714 176763
176764 176870
176871 176923
176924 177069
177070 177134
177135 177188
177189 177671
177672 177710
177711 178044
178045 178080
178081 178151
178152 178425
178426 178495
178496 179122
179123 179394
179395 179992
179993 180141
180143 180295
180297 180686
180687 180764
180765 180793
180794 181072
181073 181248
181249 181507
181508 181564
181565 181613
181614 181689
181690 181736
181737 181810
181811 181875
181876 181887
181888 181925
181926 181968
181969 182011
182012 182071
182072 182117
182118 182179
182180 182251
182252 182283
182284 182446
182447 182616
182617 182691
182692 182784
182785 182950
182951 182975
182976 183175
183176 183291
183292 183357
183359 183423
183424 183518
183519 183520
183521 183561
183562 183610
183611 183625
183626 183682
183683 183703
183704 183718
183719 183733
183734 183765
183766 183785
183786 183825
183826 184009
184010 184068
184069 184164
184166 184270
184271 184287
184288 184949
184950 185054
185055 185067
185068 185554
185555 185679
185680 185696
185697 185727
185728 185740
185741 185767
185768 185789
185790 185815
185816 185818
185819 185836
185837 185856
185857 185865
185866 185872
185873 185909
185910 185957
185958 185996
185997 186054
186055 186140
186141 186174
186175 186216
186217 186243
186244 186277
186278 186377
186378 186446
186447 186449
186450 186544
186546 186603
186604 186641
186642 186691
186692 186719
186720 186745
186746 186817
186818 186845
186846 186885
186886 186908
186909 186921
186922 186985
186986 187077
187078 187153
187154 187275
187276 187345
187346 187374
