0 250
251 334
335 534
535 1357
1358 2083
2084 2721
2722 2890
2891 3080
3081 3293
3294 3410
3411 3519
3520 3924
3925 4064
4065 4346
4347 4967
4968 5200
5201 5480
5481 5738
5739 5969
5970 6417
6418 7323
7324 7736
7737 7918
7919 8126
8127 8283
8284 8417
8418 8669
8670 8975
8976 9234
9235 9601
9602 9956
9957 10218
10219 11968
11969 12796
12797 13190
13191 13555
13556 13773
13774 13963
13964 14152
14153 14685
14686 14870
14871 15100
15101 16065
16066 16463
16464 16546
16547 16643
16644 16686
16687 16935
16936 17248
17249 17907
17908 18012
18013 18217
18218 18324
18325 18405
18406 18644
18645 18859
18860 20658
20659 20843
20844 20993
20994 21137
21138 21274
21275 21424
21425 21608
21609 21881
21882 23288
23289 23996
23997 24902
24903 25487
25488 25917
25918 26623
26624 27815
27816 28409
28410 29552
29553 29805
29806 29940
29941 30225
30226 30510
30511 30811
30812 32958
32960 33544
33545 33614
33615 33645
33646 33707
33708 33770
33771 33800
33801 33831
33832 33915
33917 34111
34112 34434
34435 34643
34644 34788
34789 34981
34982 35088
35089 35228
35229 35587
35588 35962
35963 36419
36420 36588
36589 36671
36672 36695
36696 37094
37095 37194
37195 37196
37197 37270
37271 37634
37635 37696
37697 37713
37714 37763
37764 37799
37800 37837
37838 37875
37876 37912
37913 37938
37939 37964
37965 37998
37999 38050
38051 38086
38087 38108
38109 38157
38158 38378
38379 38382
38383 38422
38423 38456
38457 38485
38486 38510
38511 38588
38589 38605
38606 38700
38701 38718
38719 38742
38743 38763
38764 38802
38803 38812
38813 38828
38829 38838
38839 38882
38883 38901
38902 38916
38917 38993
38994 39009
39010 39035
39036 39055
39056 39068
39069 39083
39084 39096
39097 39101
39102 39140
39141 39209
39210 39227
39228 39250
39251 39275
39276 39307
39308 39338
39339 39358
39361 39482
39483 39559
39560 39747
39748 39935
39936 39999
40000 40081
40082 40124
40126 40148
40150 40241
40243 40378
40379 40422
40423 40587
40591 40979
40980 41024
41025 41092
41093 41146
41147 41731
41732 41899
41900 42038
42039 42263
42264 43052
43053 43096
43097 43186
43187 43441
43443 43466
43468 43592
43593 44085
44086 44167
44168 44350
44351 44383
44384 44901
44902 44994
44995 45187
45188 45293
45294 45579
45580 45639
45640 45747
45748 45851
45852 45924
45925 46222
46223 46324
46325 46622
46623 46684
46685 46877
46878 46964
46965 47377
47378 47439
47440 47911
47912 48039
48040 48371
48372 48398
48399 48661
48662 48782
48783 49253
49254 49408
49409 49479
49480 49548
49549 49599
49600 49915
49916 50026
50027 50277
50278 50331
50332 50441
50442 50543
50544 50675
50676 50933
50934 51024
51025 51410
51411 51528
51529 51583
51584 51683
51684 52105
52106 52168
52169 52259
52260 52366
52367 52511
52512 52592
52593 52647
52648 52825
52826 52916
52917 53396
53397 53441
53442 53556
53557 54035
54036 54065
54066 54539
54540 54605
54606 54680
54681 55044
55045 55133
55134 55480
55481 55568
55569 55765
55766 55864
55865 55985
55986 56048
56049 56277
56278 56339
56340 56464
56465 56705
56706 56761
56762 57068
57069 57140
57141 57179
57180 57768
57769 57857
57858 57923
57924 57992
57993 58287
58288 58373
58374 58720
58721 58762
58763 58961
58962 59019
59020 59280
59281 59354
59355 59552
59553 59602
59603 59803
59804 59883
59884 60082
60083 60174
60175 60408
60409 60477
60478 60555
60556 60693
60694 60833
60834 60912
60913 60997
60998 61180
61181 61648
61649 61760
61761 62508
62509 62560
62561 62610
62611 63062
63063 63114
63115 63210
63211 63315
63316 63601
63602 63692
63693 64023
64024 64111
64112 64204
64205 64301
64302 64604
64605 64688
64689 65019
65020 65087
65088 65744
65745 65827
65828 65996
65997 66053
66054 66229
66230 66408
66409 66795
66796 66937
66938 67151
67152 67197
67198 67695
67696 67991
67992 68092
68093 68200
68201 68343
68344 68761
68762 68815
68816 69048
69049 69161
69162 69592
69593 69655
69656 69751
69752 69778
69779 70107
70108 70181
70182 70270
70271 70461
70462 70587
70588 71734
71735 71834
71835 71903
71904 72038
72039 72200
72201 72516
72517 72680
72681 72722
72723 72783
72784 72827
72828 73014
73015 73090
73091 73781
73782 73874
73875 73936
73937 74136
74137 74924
74925 75024
75025 75619
75620 75935
75936 76007
76008 76038
76039 76559
76560 76607
76608 76647
76648 76696
76697 76799
76800 76865
76866 76927
76928 77149
77150 77286
77287 77434
77435 77465
77466 77513
77514 77630
77631 77689
77690 77858
77860 78068
78069 78128
78129 78174
78175 78229
78230 78251
78252 78265
78266 78317
78318 78347
78348 78419
78420 78466
78467 78507
78508 78586
78587 78629
78630 78662
78663 78678
78679 78827
78828 78957
78959 79669
79671 79890
79891 80070
80071 81557
81558 81995
81996 82338
82339 82931
82932 83548
83549 84102
84103 85669
85670 85820
85821 85884
85885 86067
86068 86724
86725 86920
86921 87185
87186 87770
87771 87934
87935 88133
88134 88410
88411 88712
88713 88819
88820 88959
88960 90297
90298 90401
90402 90578
90579 90794
90795 90828
90829 90848
90849 91512
91513 92019
92020 93003
93004 93347
93348 94256
94257 95005
95006 95269
95270 95483
95484 96057
96058 96644
96645 97050
97051 97788
97789 97970
97971 98282
98283 98669
98670 98826
98827 99019
99020 99136
99137 99248
99249 99608
99609 99668
99669 99718
99719 99987
99988 100326
100327 100525
100526 100656
100657 100876
100877 101146
101147 101278
101279 101485
101486 101616
101617 101686
101687 101923
101924 103435
103436 103671
103672 104378
104379 104594
104595 105379
105380 105520
105521 105648
105649 105766
105767 106199
106200 106448
106449 106530
106531 106737
106738 106943
106944 107146
107147 107328
107329 107824
107825 108137
108138 108274
108275 108804
108805 108871
108872 109341
109342 109405
109406 109567
109568 109715
109716 110050
110051 110491
110492 111078
111079 111157
111158 111379
111380 111656
111657 111867
111868 112128
112129 112231
112232 112380
112381 112807
112808 112906
112907 113024
113025 113116
113117 113447
113448 113577
113578 113722
113723 114059
114060 114169
114170 114462
114463 114755
114756 114989
114990 115186
115187 115264
115265 115527
115528 115652
115653 115809
115810 115930
115931 116100
116101 116706
116707 116886
116887 117243
117244 117318
117319 117477
117478 117713
117714 117776
117777 117890
117891 118080
118081 118151
118152 118246
118247 118423
118424 118519
118520 118609
118610 118681
118682 118787
118788 118908
118909 118952
118953 119038
119039 119158
119159 119278
119279 119400
119401 119522
119523 119578
119579 119638
119639 119793
119794 119910
119911 120065
120066 120155
120156 120328
120329 120420
120421 120553
120554 121767
121768 121831
121832 121910
121911 121950
121951 122287
122288 122487
122488 122647
122648 122747
122748 122881
122882 122981
122982 123074
123075 123113
123114 123189
123190 123267
123268 123309
123310 123384
123385 123452
123453 123508
123509 123576
123577 123645
123646 123764
123765 123921
123922 124138
124139 124603
124604 125000
125001 125374
125375 125691
125692 125775
125776 125948
125949 126361
126362 126508
126509 126589
126590 126640
126641 126767
126768 126816
126817 127072
127073 127149
127150 127445
127446 127568
127569 127769
127770 127865
127866 127903
127904 127957
127958 128060
128061 128580
128581 128805
128806 129918
129919 130021
130022 130100
130101 130145
130146 130537
130538 130654
130655 130941
130942 131481
131482 133236
133237 134113
134114 134255
134256 134809
134810 135261
135262 135433
135434 135460
135461 135490
135491 135541
135542 135625
135626 135771
135772 135891
135892 136063
136064 136570
136571 136587
136588 136887
136888 137110
137111 137452
137453 137695
137696 137791
137792 137928
137929 138195
138196 138412
138413 138509
138510 138604
138605 138660
138661 138694
138695 138757
138758 138862
138863 138997
138998 139111
139112 139247
139248 139459
139460 139962
139963 140442
140443 140860
140861 141019
141020 141131
141132 141252
141253 141497
141498 141644
141645 141915
141916 142223
142224 143363
143364 143603
143604 143810
143811 144064
144065 144392
144393 144531
144532 144578
144579 144649
144650 144730
144731 144800
144801 145102
145103 145167
145168 145579
145580 145726
145727 145782
145783 145816
145817 145985
145986 146043
146044 146292
146293 146416
146417 146610
146611 146663
146664 146711
146712 146946
146947 147058
147059 147266
147267 147299
147300 147387
147388 147487
147488 147632
147633 147700
147701 147917
147918 148400
148401 148927
148928 149141
149142 149226
149227 149597
149598 149788
149789 149943
149944 150773
150774 150923
150924 151054
151055 151180
151181 151293
151294 151537
151538 151602
151603 151689
151690 151851
151852 151953
151954 152766
152767 152816
152817 152844
152845 152884
152885 153025
153026 153088
153089 153256
153257 153318
153319 153394
153395 153542
153543 153634
153635 153678
153679 153920
153921 153990
153991 154112
154113 154185
154186 154274
154275 154297
154298 154327
154328 154380
154381 154443
154444 154491
154492 154515
154516 154532
154533 154566
154567 154635
154636 154691
154692 154854
154855 154893
154894 155203
155204 155299
155300 155342
155343 155435
155436 155467
155468 155520
155521 155571
155572 155629
155630 155675
155676 155744
155745 156053
156054 156091
156092 156327
156328 156403
156404 156484
156485 156815
156816 156930
156931 156994
156995 157065
157066 157317
157318 157443
157444 157492
157493 158422
158423 158562
158563 158783
158784 159061
159062 159937
159938 160040
160041 160429
160430 160568
160569 161261
161262 161365
161366 161872
161873 162103
162104 162915
162916 162988
162989 164137
164138 164464
164465 164630
164631 164787
164788 165752
165753 166335
166336 166504
166505 166886
166887 167619
167620 167823
167824 167954
167955 168144
168145 168217
168218 168297
168298 168379
168380 168428
168429 168624
168625 168707
168708 169096
169097 169185
169186 169375
169376 169510
169511 170402
170403 170608
170609 171426
171427 171841
171842 172148
172149 173110
173111 173478
173479 173609
173610 173714
173715 173748
173749 173805
173806 173865
173866 178460
178461 178709
178710 178943
178944 179612
179613 179683
179684 180012
180013 180175
180176 180284
180285 180378
180379 180469
180470 180512
180513 180578
180579 180665
180666 180751
180752 180850
180851 180938
180939 181063
181064 181440
181441 181562
181563 181732
181733 182251
182252 182731
182732 182958
182959 183404
183405 183856
183857 183906
183907 183961
183962 184085
184086 184178
184179 184431
184432 184629
184630 184739
184740 184804
184805 184921
184922 184960
184961 185082
185083 185149
185150 185302
185303 185481
185482 185570
185571 186542
186543 186710
186711 186827
186828 186841
186842 186943
