0 4
5 11
12 527
528 772
773 1266
1267 1385
1386 1548
1549 1838
1839 1932
1933 1987
1988 2050
2051 2103
2104 2186
2187 2273
2274 2372
2373 3306
3307 3377
3378 3439
3440 3505
3506 3772
3773 3828
3829 3888
3889 3942
3943 3984
3985 4027
4028 4087
4088 4161
4162 4234
4235 4310
4311 4350
4351 4391
4392 4420
4421 4464
4465 4519
4520 4578
4579 4657
4658 5419
5420 5489
5490 5531
5532 5591
5592 5635
5636 5730
5731 5841
5842 5947
5948 6044
6045 6105
6106 6169
6170 6224
6225 6296
6297 6399
6400 7063
7064 7411
7412 7791
7792 7869
7870 7938
7939 8057
8058 8107
8108 8151
8152 8211
8212 8294
8295 8353
8354 8452
8453 8650
8651 8728
8729 8798
8799 8891
8892 9115
9116 9217
9218 9284
9285 9358
9359 9420
9421 9548
9549 9859
9860 9929
9930 10002
10003 10050
10051 10099
10100 10473
10474 10701
10702 10888
10889 11533
11535 11709
11710 11918
11919 12157
12158 12241
12242 12469
12470 12500
12501 12584
12585 13169
13170 13244
13245 13289
13290 13412
13413 14886
14887 14930
14931 15333
15334 15375
15376 15506
15507 15540
15541 15604
15605 15634
15635 15698
15699 15777
15778 15896
15897 15987
15988 16032
16033 16124
16125 16177
16178 16278
16279 16463
16464 16669
16671 16779
16780 17228
17229 17486
17487 17599
17600 17687
17688 17734
17735 17779
17780 17835
17836 17913
17914 18007
18008 18079
18080 18248
18249 18419
18420 18537
18538 18647
18648 18757
18758 19490
19491 19600
19601 19694
19695 19839
19840 19924
19925 20256
20257 20302
20303 20666
20667 20726
20727 21443
21444 21538
21539 21632
21633 21894
21895 22684
22685 22819
22820 22922
22923 23041
23042 23541
23542 23584
23585 23847
23848 23962
23963 24321
24322 24437
24438 24492
24493 24547
24548 24726
24727 24896
24897 24964
24965 25254
25255 25379
25380 25953
25954 26041
26042 26153
26154 26216
26217 26912
26913 27033
27034 27162
27163 27327
27328 27392
27393 27641
27642 28402
28403 28827
28828 29334
29335 29413
29414 29732
29733 29793
29794 30264
30265 30302
30303 30617
30618 30661
30662 30800
30801 30861
30862 30952
30953 31277
31278 31809
31810 31855
31856 31901
31902 32271
32272 32372
32373 32745
32746 32803
32804 32848
32849 32905
32906 32957
32958 33068
33069 33268
33269 33397
33398 33807
33808 33818
33820 34002
34005 34049
34050 34105
34106 34158
34159 34236
34237 34273
34274 34453
34454 34730
34731 34862
34863 34920
34921 35002
35003 35265
35266 35431
35432 35577
35578 35629
35630 35697
35698 35743
35744 35794
35795 35875
35876 35986
35987 36273
36274 36505
36506 36648
36649 36716
36717 36771
36772 36895
36896 37421
37422 37551
37552 37587
37588 37618
37619 37643
37644 37668
37669 37701
37702 37752
37753 37815
37816 38027
38028 38167
38168 38244
38245 38389
38390 38520
38521 38866
38867 38958
38959 39036
39037 39088
39089 39153
39155 39264
39265 39435
39436 39496
39497 39549
39550 39689
39690 40722
40723 40762
40763 40874
40875 41012
41013 41176
41177 41230
41231 41261
41262 41330
41331 41471
41472 41515
41516 41568
41569 41601
41602 42241
42242 42325
42326 42367
42368 42498
42499 42574
42575 43479
43480 43523
43524 43835
43836 43872
43873 44064
44065 44108
44109 44142
44143 44316
44317 44348
44349 44428
44429 44652
44653 44701
44702 44857
44858 45666
45667 45797
45798 45912
45913 46073
46074 46173
46174 47127
47128 47262
47263 47315
47316 47521
47522 47611
47612 48032
48033 48099
48100 48192
48193 48650
48651 48733
48734 49128
49129 49423
49424 49486
49487 49921
49922 49984
49985 50076
50077 50432
50433 51018
51019 51124
51125 51175
51176 51278
51279 51501
51502 51582
51583 51892
51893 52117
52118 52199
52200 52526
52527 52586
52587 52807
52808 52997
52998 53039
53040 53275
53276 54435
54436 54528
54529 54658
54659 54772
54773 54863
54864 55310
55311 55631
55632 55778
55779 55850
55851 55892
55893 55956
55957 56184
56185 56416
56417 56684
56685 56874
56875 57546
57547 57571
57572 58467
58469 58500
58501 58607
58608 58861
58862 59219
59220 59278
59279 59332
59333 59413
59414 60082
60083 60236
60237 60845
60846 60897
60898 61756
61757 61790
61791 62423
62424 62551
62552 63255
63256 63321
63322 63497
63498 63585
63586 63674
63675 64215
64216 64250
64251 64333
64334 64447
64448 65274
65275 65347
65348 65494
65495 65710
65711 65778
65779 65826
65827 66228
66229 66448
66449 66567
66568 67361
67362 67472
67473 67617
67618 67748
67749 67852
67853 67917
67918 68773
68774 68818
68819 69488
69489 69547
69548 69802
69803 69963
69964 70166
70167 70311
70312 70410
70411 70461
70462 71061
71062 71201
71202 71330
71331 71953
71955 72055
72057 72333
72334 72449
72450 72472
72473 72813
72814 72848
72849 73212
73213 73344
73345 73399
73400 73607
73608 73796
73797 73866
73867 74050
74051 74170
74171 74221
74222 74295
74296 74433
74434 74523
74524 74758
74759 74793
74794 75031
75032 75086
75087 75262
75263 75304
75305 75404
75405 75469
75470 75525
75526 75749
75750 75871
75872 75924
75925 76186
76187 76219
76220 76468
76469 76526
76527 76776
76778 76844
76845 76901
76902 77192
77193 77246
77247 77418
77419 77473
77474 77526
77527 77659
77660 77813
77815 77875
77876 78034
78035 78119
78120 78171
78172 78275
78276 78458
78459 78722
78723 78775
78776 79025
79026 79107
79108 79307
79308 79447
79448 79524
79525 79647
79648 79749
79750 79854
79855 80030
80031 80117
80118 80426
80427 80674
80676 80786
80787 81113
81114 81201
81202 81347
81348 81485
81486 81650
81651 81698
81699 82109
82110 82181
82182 82646
82647 82700
82701 82739
82740 82862
82863 82992
82993 83057
83058 83696
83697 83775
83776 84003
84004 84178
84179 84261
84262 84455
84456 84505
84506 85312
85313 85416
85417 85600
85601 85676
85677 85755
85756 85845
85846 85946
85947 86425
86426 86462
86463 86660
86661 86705
86706 86838
86839 86895
86896 86973
86974 87302
87303 87647
87648 88031
88032 88082
88083 88157
88158 88231
88232 88442
88443 88527
88528 88922
88923 88979
88980 89574
89575 89629
89630 89696
89697 89764
89765 89813
89814 90003
90004 90141
90142 90186
90187 90890
90891 90943
90944 90983
90984 91582
91583 91621
91622 91677
91678 91878
91879 92426
92427 92527
92528 92572
92573 92631
92632 92758
92759 92786
92787 92863
92864 92932
92933 92993
92994 93762
93764 94040
94041 94139
94140 94242
94243 94294
94295 94353
94354 94396
94398 94557
94559 94694
94695 94828
94829 94885
94887 95015
95016 95272
95273 95398
95399 95679
95680 96457
96458 96718
96719 97713
97714 97857
97858 98002
98003 99051
99052 99183
99184 99286
99287 99422
99423 99461
99462 99485
99487 99577
99579 99729
99730 99747
99748 99754
99755 99778
99779 99784
99786 99808
99809 99815
99816 99839
99840 99870
99871 99875
99877 99900
99901 99907
99908 99932
99933 99937
99939 99963
99964 99968
99970 99994
99995 100000
100001 100024
100025 100030
100032 100056
100057 100061
100063 100087
100088 100094
100095 100118
100119 100124
100126 100150
100151 100156
100157 100392
100394 100806
100807 102211
102212 102563
102564 102657
102658 103305
103306 103447
103448 106351
106352 106494
106495 107103
107104 109938
109939 110132
110133 110240
110241 110390
110391 110563
110564 111710
111711 111986
111987 112223
112224 115811
115812 115984
115985 116120
116121 116264
116265 117359
117360 117498
117499 118741
118742 118983
118984 122745
122746 122923
122924 123065
123066 123197
123198 125100
125101 125364
125365 125477
125478 125682
125683 125908
125909 125982
125983 126103
126104 128361
128362 128464
128465 128597
128598 131700
131701 131881
131882 132080
132081 136091
136092 138943
138944 140291
140292 140385
140386 141140
141141 141911
141912 142102
142103 143348
143349 143996
143997 144200
144201 144714
144715 146960
146961 149146
149147 149445
149446 149770
149771 150039
150040 150834
150835 151124
151125 151313
151314 151751
151752 151833
151834 151915
151916 151984
151985 152011
152013 152172
152174 152195
152196 152229
152230 152244
152245 152247
152248 152254
152255 152261
152262 152271
152272 152317
152318 152326
152327 152354
152355 152365
152366 152369
152370 152372
152373 152479
152480 152484
152485 152488
152489 152507
152508 152606
152607 152608
152609 152611
152612 152644
152645 152647
152648 152720
152721 152731
152732 152809
152810 152941
152942 152993
152994 153087
153088 153139
153140 153190
153191 153237
153238 153561
153562 153646
153647 153717
153718 153917
153918 154387
154388 154592
154593 154666
154667 154953
154954 155025
155026 155104
155105 155278
155279 155353
155354 155386
155387 155452
155453 155541
155542 155754
155755 155907
155908 155968
155969 156013
156014 156055
156056 156451
156452 156863
156864 156946
156947 156986
156987 157104
157105 157169
157170 157359
157360 157493
157494 157662
157663 157751
157752 157930
157931 158196
158197 158252
158253 158510
158511 158640
158641 158920
158921 159017
159018 159084
159085 159153
159154 159228
159229 159282
159283 159347
159348 159635
159636 159742
159743 160246
160247 160261
160262 160279
160280 160286
160287 160318
160319 160328
160329 160341
160342 160361
160362 160378
160379 160387
160388 160438
160439 160505
160506 160526
160527 160550
160551 160603
160604 160629
160630 160663
160664 160726
160727 160782
160783 160886
160887 160898
160899 160914
160915 160934
160935 160963
160964 161030
161031 161078
161079 161094
161095 161132
161133 161215
161216 161295
161296 161379
161380 161442
161443 161466
161467 161490
161491 161556
161557 161607
161608 161643
161644 161682
161683 161728
161729 161866
161869 161931
161932 162068
162070 162159
162160 162245
162246 162327
162328 162441
162442 162547
162548 162595
162596 162657
162658 162823
162825 162958
162959 163061
163062 163109
163110 163213
163214 163265
163266 163317
163318 163413
163414 163568
163569 163652
163653 163752
163753 163778
163779 163843
163844 163872
163873 163924
163925 163970
163971 164024
164025 164184
164185 164256
164257 164404
164405 164460
164461 164484
164485 164568
164569 164640
164641 164690
164691 164746
164747 164833
164834 165015
165016 165109
165110 165167
165168 165217
165218 165253
165254 165373
165374 165447
165448 165531
165532 165742
165743 165788
165789 165852
165853 165934
165935 166024
166025 166162
166163 166184
166185 166222
166223 166289
166290 166340
166341 166420
166421 166492
166493 166558
166559 166662
166663 166904
166905 167012
167013 167089
167090 167235
167236 167333
167334 167423
167424 167440
167441 167480
167481 167560
167561 167610
167611 167762
167763 167776
167777 167808
167809 167947
167948 167991
167992 168134
168135 168203
168204 168274
168275 168466
168467 168513
168514 168646
168647 168750
168751 168951
168952 168981
168982 169058
169059 169162
169163 169192
169193 169346
169347 169392
169393 169486
169487 169556
169557 169646
169647 169700
169701 169740
169741 169816
169817 169868
169869 169944
169945 170002
170003 170105
170106 170197
170198 170384
170385 170511
170512 170571
170572 170636
170637 170769
170770 170865
170866 170958
170959 171141
171142 171177
171178 171267
171268 171329
171330 171387
171388 171479
171480 171546
171547 171611
171612 171725
171726 171827
171828 172160
172161 172464
172465 172633
172634 172764
172765 172873
172874 172934
172935 173050
173051 173096
173097 173164
173165 173240
173241 173282
173283 173389
173390 173427
173428 173545
173546 173729
173730 173759
173760 173783
173784 173817
173818 173911
173912 173946
173947 173998
173999 174054
174055 174086
174087 174136
174137 174189
174190 174256
174257 174401
174402 174460
174461 174573
174574 174709
174710 174888
174889 174903
174904 174999
175000 175113
175114 175234
175235 175326
175327 175398
175399 175449
175451 175555
175556 175655
175656 175725
175726 175893
175895 175974
175976 176138
176139 176227
176228 176312
176314 176405
176406 176495
176496 176551
176552 176576
176577 176647
176648 176677
176678 176714
176715 176753
176754 176777
176778 176923
176924 176971
176972 177017
177018 177097
177098 177135
177136 177222
177223 177347
177349 177449
177450 177519
177520 177601
177602 177691
177692 177766
177767 177857
177858 177964
177965 178043
178044 178137
178138 178189
178190 178325
178326 178393
178394 178527
178528 178645
178646 178711
178712 178839
178840 178883
178884 178955
178956 179175
179176 179275
179276 179379
179380 179588
179589 179634
179635 179698
179699 179794
179795 179832
179833 179990
179991 180092
180093 180203
180204 180322
180323 180360
180361 180410
180411 180434
180435 180482
180483 180544
180545 180616
180617 180676
180677 180760
180761 180818
180819 180892
180893 180994
180995 181018
181019 181080
181081 181118
181119 181272
181273 181322
181323 181356
181357 181598
181600 181714
181715 181778
181779 181871
181872 181998
181999 182034
182035 182257
182258 182347
182348 182433
182434 182497
182498 182619
182620 182727
182728 182792
182793 182879
182880 182935
182936 182979
182980 183021
183022 183143
183144 183215
183216 183295
183296 183327
183328 183351
183352 183399
183400 183583
183584 183615
183616 183643
183644 183706
183707 183753
183754 183800
183801 183899
183900 183939
183940 184027
184028 184127
184129 184211
184212 184323
184324 184434
184435 184463
184464 184523
184524 184563
184564 184595
184596 184689
184690 184783
184784 184851
184852 184907
184908 185145
185146 185223
185224 185301
185302 185343
185344 185439
185440 185505
185506 185599
185600 185624
185625 185674
185675 185740
185741 185795
185796 185920
185921 186006
186007 186050
186051 186114
186115 186186
186187 186282
186283 186336
186337 186504
186505 186548
186549 186656
186657 186688
186689 186720
186721 186800
186801 186877
186879 186962
186963 187048
187049 187078
