0 34
35 47
48 84
85 97
98 104
105 215
216 334
335 372
373 422
423 446
447 494
495 556
557 628
629 688
689 772
773 830
831 904
905 1006
1007 1030
1031 1092
1093 1130
1131 1284
1285 1333
1334 1367
1368 1609
1611 1725
1726 1789
1790 1882
1883 2268
2269 2358
2359 2444
2445 2508
2509 2630
2631 2738
2739 2803
2804 2890
2891 2946
2947 2990
2991 3032
3033 3154
3155 3226
3227 3306
3307 3338
3339 3362
3363 3410
3411 3594
3595 3626
3627 3654
3655 3717
3718 3764
3765 3811
3812 3910
3911 3950
3951 4038
4039 4138
4140 4222
4223 4334
4335 4445
4446 4474
4475 4534
4535 4574
4575 4606
4607 4700
4701 4794
4795 4862
4863 4918
4919 5156
5157 5234
5235 5312
5313 5354
5355 5450
5451 5516
5517 5610
5611 5635
5636 5685
5686 5751
5752 5806
5807 5931
5932 6017
6018 6061
6062 6125
6126 6197
6198 6293
6294 6347
6348 6515
6516 6559
6560 6667
6668 6699
6700 6731
6732 6811
6812 6888
6890 6973
6974 7088
7090 7159
7160 7223
7224 7319
7320 7401
7403 7613
7614 7681
7682 7731
7732 7849
7850 7913
7915 7965
7966 8039
8040 8091
8092 8253
8254 8301
8302 8368
8369 8466
8467 8528
8529 8569
8570 8641
8642 8717
8718 8770
8771 8804
8805 9047
9048 9170
9171 9275
9276 9346
9347 9612
9613 9685
9686 9846
9847 9954
9955 10007
10008 10086
10087 10230
10231 10342
10343 10406
10407 10534
10535 10657
10658 10693
10695 10798
10799 10854
10855 10910
10911 10942
10943 11006
11007 11068
11069 11156
11157 11168
11169 11222
11223 11326
11327 11446
11447 11570
11571 11633
11635 11676
11677 11738
11739 11868
11869 12114
12115 12715
12716 12811
12813 12877
12878 12884
12885 12921
12922 12998
12999 13077
13078 13241
13242 13857
13859 14350
14351 102990
102991 103037
103038 104464
104465 104494
104496 109127
109128 109426
109427 109477
109478 109566
109567 110169
110170 111479
111480 112018
112019 112105
112106 112211
112212 112263
112264 112347
112348 112413
112414 112748
112749 112792
112793 113052
113053 113095
113096 113311
113312 113370
113371 113460
113461 113512
113513 113687
113688 113781
113782 113838
113839 113920
113921 114030
114031 114646
114647 114739
114740 114831
114832 114898
114899 114966
114967 115001
115002 115084
115085 115121
115122 115428
115429 115498
115499 115629
115630 115680
115681 115768
115769 115832
115833 115988
115989 116039
116040 116405
116406 116440
116441 116535
116536 116655
116656 116896
116897 116998
116999 117176
117177 118117
118118 118180
118181 118222
118223 118621
118622 118692
118693 118748
118749 118933
118934 118983
118984 119807
119808 119849
119850 119912
119913 120025
120026 120060
120061 120100
120101 120153
120154 120187
120188 120327
120328 120432
120433 121067
121068 121136
121137 121221
121222 121286
121287 121611
121612 121652
121653 121688
121689 122055
122056 122097
122098 122159
122160 122235
122236 122277
122278 122769
122770 122807
122808 122866
122867 122959
122960 123019
123020 123140
123141 123169
123170 123520
123521 123565
123566 123590
123591 123771
123772 123817
123818 124579
124580 124625
124626 124776
124777 124835
124836 124901
124902 125949
125950 125987
125988 126063
126064 126096
126097 126142
126143 126207
126208 126506
126507 126535
126536 126559
126560 126842
126843 126881
126882 126918
126919 127285
127286 127320
127321 127354
127355 127945
127946 127994
127995 128048
128049 128124
128125 128529
128530 128594
128595 128638
128639 128728
128729 128903
128904 128963
128964 129003
129004 129133
129134 129865
129866 129895
129896 129945
129946 130605
130606 130683
130684 130747
130748 131086
131087 131121
131122 131154
131155 131570
131571 131608
131609 131707
131708 131814
131815 131951
131952 132192
132193 132260
132261 132352
132353 132830
132831 132872
132873 133475
133476 133523
133524 133901
133902 133999
134000 134048
134049 134269
134270 134311
134312 134982
134983 135021
135022 135295
135296 135334
135335 135506
135507 135536
135537 135629
135630 135663
135664 135703
135704 135984
135985 136022
136023 136047
136048 136348
136349 136383
136384 136441
136442 136948
136949 136997
136998 137094
137095 137246
137247 137527
137528 137560
137561 137606
137607 137837
137838 137861
137862 138309
138310 138352
138353 138688
138689 138725
138726 138784
138785 138821
138822 139533
139534 139583
139584 139620
139621 139888
139889 139925
139926 139955
139956 140456
140457 140493
140494 140526
140527 140935
140936 140979
140980 141048
141049 141100
141101 141188
141189 141215
141216 141340
141341 141427
141428 141472
141473 141590
141591 141677
141678 141743
141744 141796
141797 141962
141963 142009
142010 142050
142051 142121
142122 142233
142234 142621
142622 142730
142731 142832
142833 142899
142900 143107
143108 143196
143197 143301
143302 143399
143400 144729
144730 144790
144791 144885
144886 145012
145013 145138
145139 145235
145236 145359
145360 145462
145463 145538
145539 145625
145626 145715
145716 145807
145808 146013
146014 146395
146396 146608
146609 146793
146794 147227
147229 147265
147266 147300
147301 147338
147339 147441
147442 147581
147582 147878
147880 148140
148141 148170
148171 148199
148200 148230
148231 148260
148261 148289
148290 148320
148321 148513
148514 148845
148846 148992
148993 149075
149076 149594
149595 149648
149649 149832
149833 149897
149898 149970
149971 150052
150053 150210
150211 150824
150825 151157
151158 151212
151213 151370
151371 151725
151726 151819
151820 151956
151957 152100
152101 152185
152186 152374
152375 152532
152533 152781
152782 153486
153487 153540
153541 153792
153793 153996
153997 154071
154072 154725
154726 154894
154895 154958
154959 155370
155371 155527
155528 155800
155801 156087
156088 156236
156237 156751
156752 157000
157001 157164
157165 157307
157308 157439
157440 157750
157751 157827
157828 158033
158034 158139
158140 158537
158538 158751
158752 159173
159174 159227
159228 159592
159593 159669
159670 160073
160074 160350
160351 160575
160576 160756
160757 161145
161146 161314
161315 161532
161533 161872
161873 162491
162493 162546
162547 162662
162663 162948
162949 163703
163704 163929
163930 164079
164080 164639
164640 164853
164854 165122
165123 165280
165281 165363
165364 165780
165782 165834
165835 165909
165910 166008
166009 166087
166088 166350
166351 166569
166570 166679
166680 166867
166868 167041
167042 167269
167270 167370
167371 167638
167639 167804
167805 168085
168086 168511
168512 168749
168750 169297
169299 169351
169352 169395
169396 169572
169573 169637
169638 169831
169832 169920
169921 170121
170122 170195
170196 170359
170360 170608
170609 170832
170833 170900
170901 171044
171045 171185
171186 171567
171568 171768
171769 171983
171984 172085
172086 172356
172357 172476
172477 172778
172779 173426
173427 173573
173574 173665
173666 173758
173759 173874
173875 174367
174368 175107
175108 175222
175223 175449
175450 176310
176311 176500
176501 177107
177109 177161
177162 177311
177312 177439
177440 177575
177576 177787
177788 178092
178093 178315
178316 178473
178474 178735
178736 178825
178826 178938
178939 179172
179173 179294
179295 179494
179495 179989
179990 180661
180662 180715
180716 180815
180816 180886
180887 180943
180944 181031
181032 181467
181468 181587
181588 181712
181713 182101
182102 182229
182230 182292
182293 182525
182526 182691
182692 182807
182808 182981
182982 183193
183194 183279
183280 183408
183409 183533
183534 183671
183672 184160
184161 184262
184263 184317
184318 184698
184699 185507
185508 185692
185693 185759
185760 185811
185813 186254
186255 187020
187021 187192
187194 187379
187380 187400
187401 187433
